version 2
run Tictoc15-0-20171127-00:20:31-15369
attr configname Tictoc15
attr datetime 20171127-00:20:31
attr experiment Tictoc15
attr inifile omnetpp.ini
attr iterationvars ""
attr iterationvarsf ""
attr measurement ""
attr network Tictoc15
attr processid 15369
attr repetition 0
attr replication #0
attr resultdir results
attr runnumber 0
attr seedset 0

vector 0 Tictoc15.tic[5] HopCount ETV
vector 1 Tictoc15.tic[0] HopCount ETV
vector 2 Tictoc15.tic[3] HopCount ETV
vector 3 Tictoc15.tic[4] HopCount ETV
vector 4 Tictoc15.tic[1] HopCount ETV
vector 5 Tictoc15.tic[2] HopCount ETV
0	18	1.7	17
0	76	7.5	2
0	78	7.7	1
0	108	10.7	29
0	236	23.5	21
0	336	33.5	6
0	350	34.9	3
0	366	36.5	6
0	428	42.7	6
0	436	43.5	6
0	446	44.5	6
0	504	50.3	56
0	558	55.7	9
0	686	68.5	3
0	716	71.5	21
0	788	78.7	2
0	884	88.3	78
0	888	88.7	2
0	924	92.3	19
0	1000	99.9	3
0	1478	147.7	49
0	1526	152.5	17
0	1580	157.9	9
0	1628	162.7	8
0	1670	166.9	20
0	1734	173.3	27
0	1850	184.9	11
0	1884	188.3	22
0	1924	192.3	1
0	1956	195.5	9
0	2024	202.3	1
0	2106	210.5	42
0	2138	213.7	9
0	2222	222.1	54
0	2242	224.1	12
0	2290	228.9	5
0	2346	234.5	7
0	2388	238.7	9
0	2426	242.5	1
0	2492	249.1	4
0	2534	253.3	9
0	2566	256.5	10
0	2598	259.7	13
0	2614	261.3	2
0	2662	266.1	26
0	2886	288.5	31
0	2938	293.7	9
0	3068	306.7	54
0	3144	314.3	2
0	3170	316.9	18
0	3192	319.1	15
0	3204	320.3	4
0	3304	330.3	6
0	3390	338.9	29
0	3394	339.3	3
0	3402	340.1	7
0	3422	342.1	18
0	3440	343.9	6
0	3464	346.3	6
0	3528	352.7	38
0	3550	354.9	17
0	3590	358.9	15
0	3604	360.3	3
0	3606	360.5	1
0	3756	375.5	32
0	3914	391.3	1
0	3928	392.7	5
0	3958	395.7	2
0	4072	407.1	43
0	4108	410.7	2
0	4130	412.9	1
0	4136	413.5	2
0	4212	421.1	18
0	4258	425.7	14
0	4372	437.1	35
0	4532	453.1	4
0	4586	458.5	4
0	4694	469.3	24
0	4704	470.3	6
0	4794	479.3	29
0	4856	485.5	8
0	4888	488.7	11
0	5034	503.3	3
0	5096	509.5	8
0	5142	514.1	4
0	5158	515.7	5
0	5278	527.7	30
0	5386	538.5	25
0	5480	547.9	10
0	5560	555.9	26
0	5578	557.7	14
0	5594	559.3	4
0	5674	567.3	10
0	5714	571.3	27
0	5738	573.7	9
0	5782	578.1	9
0	5802	580.1	1
0	5958	595.7	1
0	5972	597.1	3
0	5996	599.5	1
0	6048	604.7	10
0	6100	609.9	25
0	6128	612.7	13
0	6230	622.9	21
0	6268	626.7	32
0	6292	629.1	7
0	6360	635.9	6
0	6528	652.7	35
0	6628	662.7	15
0	6634	663.3	4
0	6706	670.5	27
0	6776	677.5	18
0	6784	678.3	2
0	6868	686.7	33
0	6902	690.1	7
0	6938	693.7	5
0	6970	696.9	21
0	7030	702.9	25
0	7082	708.1	3
0	7142	714.1	45
0	7166	716.5	18
0	7210	720.9	3
0	7322	732.1	23
0	7328	732.7	4
0	7374	737.3	14
0	7484	748.3	15
0	7498	749.7	9
0	7568	756.7	7
0	7598	759.7	13
0	7622	762.1	22
0	7700	769.9	9
0	7720	771.9	1
0	7752	775.1	19
0	7764	776.3	7
0	7812	781.1	11
0	7848	784.7	10
0	7958	795.7	59
0	7986	798.5	7
0	8040	803.9	44
0	8060	805.9	11
0	8318	831.7	6
0	8402	840.1	24
0	8504	850.3	4
0	8574	857.3	25
0	8628	862.7	2
0	8680	867.9	1
0	8716	871.5	15
0	8784	878.3	7
0	8902	890.1	19
0	8994	899.3	27
0	9044	904.3	25
0	9068	906.7	19
0	9080	907.9	5
0	9152	915.1	3
0	9164	916.3	8
0	9170	916.9	4
0	9182	918.1	4
0	9206	920.5	7
0	9312	931.1	19
0	9340	933.9	11
0	9352	935.1	9
0	9458	945.7	25
0	9528	952.7	17
0	9594	959.3	1
0	9732	973.1	17
0	9778	977.7	1
0	9818	981.7	27
0	9866	986.5	8
0	9934	993.3	29
0	10038	1003.7	11
0	10078	1007.7	22
0	10096	1009.5	6
0	10140	1013.9	3
0	10158	1015.7	3
0	10180	1017.9	1
0	10194	1019.3	8
0	10264	1026.3	9
0	10352	1035.1	3
0	10526	1052.5	13
0	10562	1056.1	11
0	10616	1061.5	29
0	10668	1066.7	4
0	10680	1067.9	7
0	10694	1069.3	13
0	10784	1078.3	6
0	10804	1080.3	4
0	10812	1081.1	4
0	10830	1082.9	16
0	10912	1091.1	5
0	10998	1099.7	13
0	11120	1111.9	6
0	11154	1115.3	2
0	11180	1117.9	7
0	11344	1134.3	4
0	11402	1140.1	3
0	11430	1142.9	18
0	11494	1149.3	3
0	11580	1157.9	7
0	11606	1160.5	7
0	11616	1161.5	4
0	11792	1179.1	6
0	12072	1207.1	4
0	12084	1208.3	11
0	12124	1212.3	1
0	12152	1215.1	10
0	12210	1220.9	33
0	12216	1221.5	3
0	12284	1228.3	9
0	12330	1232.9	18
0	12352	1235.1	12
0	12378	1237.7	6
0	12412	1241.1	6
0	12468	1246.7	10
0	12510	1250.9	9
0	12520	1251.9	1
0	12660	1265.9	3
0	12676	1267.5	5
0	12722	1272.1	8
0	12864	1286.3	8
0	12874	1287.3	1
0	12910	1290.9	1
0	12934	1293.3	18
0	12966	1296.5	29
0	13056	1305.5	11
0	13058	1305.7	1
0	13084	1308.3	24
0	13128	1312.7	9
0	13144	1314.3	8
0	13168	1316.7	1
0	13208	1320.7	5
0	13244	1324.3	15
0	13260	1325.9	15
0	13322	1332.1	13
0	13362	1336.1	29
0	13464	1346.3	9
0	13470	1346.9	4
0	13502	1350.1	12
0	13554	1355.3	4
0	13566	1356.5	7
0	13820	1381.9	13
0	13886	1388.5	9
0	13902	1390.1	9
0	13950	1394.9	24
0	13986	1398.5	15
0	14012	1401.1	24
0	14070	1406.9	17
0	14136	1413.5	28
0	14182	1418.1	22
0	14228	1422.7	14
0	14322	1432.1	11
0	14418	1441.7	12
0	14484	1448.3	9
0	14546	1454.5	15
0	14634	1463.3	31
0	14668	1466.7	6
0	14688	1468.7	15
0	14722	1472.1	4
0	14738	1473.7	11
0	14788	1478.7	40
0	14836	1483.5	2
0	14872	1487.1	29
0	14898	1489.7	2
0	15088	1508.7	13
0	15138	1513.7	9
0	15194	1519.3	23
0	15224	1522.3	9
0	15266	1526.5	17
0	15298	1529.7	21
0	15332	1533.1	9
0	15366	1536.5	8
0	15382	1538.1	4
0	15410	1540.9	5
0	15516	1551.5	35
0	15594	1559.3	23
0	15682	1568.1	2
0	15760	1575.9	23
0	15808	1580.7	5
0	15850	1584.9	31
0	15852	1585.1	1
0	15906	1590.5	9
0	15982	1598.1	5
0	16012	1601.1	12
0	16102	1610.1	9
0	16132	1613.1	18
0	16154	1615.3	3
0	16176	1617.5	13
0	16266	1626.5	39
0	16272	1627.1	4
0	16348	1634.7	6
0	16352	1635.1	2
0	16368	1636.7	1
0	16382	1638.1	3
0	16456	1645.5	22
0	16518	1651.7	5
0	16676	1667.5	17
0	16748	1674.7	52
0	16856	1685.5	18
0	16868	1686.7	6
0	16984	1698.3	11
0	17212	1721.1	11
0	17240	1723.9	15
0	17242	1724.1	1
0	17380	1737.9	4
0	17398	1739.7	5
0	17476	1747.5	15
0	17508	1750.7	25
0	17516	1751.5	3
0	17580	1757.9	2
0	17588	1758.7	2
0	17718	1771.7	13
0	17736	1773.5	2
0	17772	1777.1	3
0	17806	1780.5	19
0	17884	1788.3	3
0	17928	1792.7	33
0	17974	1797.3	14
0	18092	1809.1	4
0	18134	1813.3	17
0	18164	1816.3	17
0	18218	1821.7	11
0	18240	1823.9	2
0	18284	1828.3	19
0	18350	1834.9	9
0	18476	1847.5	36
0	18486	1848.5	7
0	18552	1855.1	13
0	18596	1859.5	1
0	18692	1869.1	14
0	18712	1871.1	1
0	18720	1871.9	7
0	18896	1889.5	29
0	18952	1895.1	30
0	19000	1899.9	25
0	19022	1902.1	21
0	19052	1905.1	2
0	19162	1916.1	1
0	19214	1921.3	5
0	19252	1925.1	6
0	19280	1927.9	2
0	19308	1930.7	6
0	19318	1931.7	9
0	19348	1934.7	15
0	19458	1945.7	4
0	19546	1954.5	24
0	19660	1965.9	75
0	19712	1971.1	11
0	19774	1977.3	5
0	19838	1983.7	21
0	19870	1986.9	26
0	20000	1999.9	1
0	20024	2002.3	14
0	20066	2006.5	5
0	20068	2006.7	1
0	20130	2012.9	7
0	20136	2013.5	4
0	20144	2014.3	4
0	20190	2018.9	31
0	20254	2025.3	59
0	20302	2030.1	4
0	20364	2036.3	9
0	20402	2040.1	8
0	20500	2049.9	3
0	20506	2050.5	2
0	20526	2052.5	15
0	20618	2061.7	15
0	20708	2070.7	7
0	20736	2073.5	7
0	20800	2079.9	9
0	20830	2082.9	1
0	20868	2086.7	23
0	20996	2099.5	2
0	21048	2104.7	2
0	21232	2123.1	35
0	21236	2123.5	2
0	21282	2128.1	25
0	21288	2128.7	3
0	21328	2132.7	11
0	21448	2144.7	29
0	21508	2150.7	21
0	21586	2158.5	2
0	21658	2165.7	40
0	21680	2167.9	7
0	21720	2171.9	15
0	21778	2177.7	20
0	21848	2184.7	3
0	21912	2191.1	38
0	21922	2192.1	8
0	21992	2199.1	4
0	22088	2208.7	4
0	22112	2211.1	5
0	22150	2214.9	9
0	22156	2215.5	5
0	22234	2223.3	38
0	22256	2225.5	21
0	22268	2226.7	9
0	22360	2235.9	13
0	22370	2236.9	2
0	22440	2243.9	19
0	22488	2248.7	9
0	22510	2250.9	4
0	22642	2264.1	17
0	22712	2271.1	28
0	22756	2275.5	26
0	22798	2279.7	32
0	22830	2282.9	3
0	22892	2289.1	15
0	23086	2308.5	21
0	23144	2314.3	35
0	23220	2321.9	14
0	23232	2323.1	2
0	23246	2324.5	5
0	23304	2330.3	21
0	23406	2340.5	17
0	23420	2341.9	6
0	23484	2348.3	27
0	23562	2356.1	9
0	23580	2357.9	14
0	23646	2364.5	46
0	23676	2367.5	16
0	23694	2369.3	2
0	23712	2371.1	16
0	23726	2372.5	5
0	23732	2373.1	4
0	23766	2376.5	8
0	23790	2378.9	2
0	23828	2382.7	2
0	23850	2384.9	7
0	23898	2389.7	5
0	23950	2394.9	9
0	23978	2397.7	2
0	24018	2401.7	14
0	24134	2413.3	1
0	24164	2416.3	25
0	24170	2416.9	3
0	24232	2423.1	45
0	24262	2426.1	2
0	24386	2438.5	11
0	24438	2443.7	39
0	24532	2453.1	29
0	24624	2462.3	15
0	24656	2465.5	1
0	24674	2467.3	16
0	24760	2475.9	53
0	24824	2482.3	39
0	24838	2483.7	10
0	24902	2490.1	8
0	24984	2498.3	1
0	25006	2500.5	11
0	25076	2507.5	2
0	25130	2512.9	1
0	25260	2525.9	13
0	25302	2530.1	17
0	25360	2535.9	2
0	25430	2542.9	6
0	25482	2548.1	8
0	25524	2552.3	25
0	25548	2554.7	5
0	25576	2557.5	11
0	25582	2558.1	2
0	25614	2561.3	5
0	25752	2575.1	2
0	25782	2578.1	1
0	25844	2584.3	7
0	25910	2590.9	9
0	25974	2597.3	18
0	25982	2598.1	1
0	26034	2603.3	7
0	26076	2607.5	33
0	26098	2609.7	15
0	26128	2612.7	17
0	26218	2621.7	7
0	26284	2628.3	9
0	26310	2630.9	15
0	26338	2633.7	5
0	26354	2635.3	4
0	26418	2641.7	28
0	26470	2646.9	6
0	26516	2651.5	40
0	26710	2670.9	28
0	26734	2673.3	3
0	26766	2676.5	14
0	26784	2678.3	13
0	26828	2682.7	13
0	26850	2684.9	3
0	26884	2688.3	18
0	27002	2700.1	17
0	27014	2701.3	10
0	27024	2702.3	8
0	27038	2703.7	5
0	27082	2708.1	9
0	27308	2730.7	1
0	27340	2733.9	6
0	27390	2738.9	35
0	27526	2752.5	3
0	27534	2753.3	5
0	27574	2757.3	23
0	27584	2758.3	8
0	27642	2764.1	37
0	27668	2766.7	6
0	27806	2780.5	1
0	27882	2788.1	33
0	27972	2797.1	32
0	28016	2801.5	5
0	28030	2802.9	10
0	28086	2808.5	4
0	28140	2813.9	12
0	28242	2824.1	10
0	28284	2828.3	17
0	28336	2833.5	2
0	28356	2835.5	14
0	28372	2837.1	12
0	28496	2849.5	6
0	28524	2852.3	7
0	28622	2862.1	12
0	28632	2863.1	3
0	28664	2866.3	30
0	28712	2871.1	11
0	28714	2871.3	1
0	28812	2881.1	25
0	28824	2882.3	11
0	28898	2889.7	15
0	28994	2899.3	3
0	29086	2908.5	14
0	29120	2911.9	23
0	29208	2920.7	1
0	29248	2924.7	3
0	29302	2930.1	25
0	29394	2939.3	2
0	29416	2941.5	3
0	29498	2949.7	7
0	29568	2956.7	13
0	29592	2959.1	1
0	29644	2964.3	23
0	29836	2983.5	68
0	29864	2986.3	13
0	29898	2989.7	21
0	29986	2998.5	24
0	30006	3000.5	12
0	30210	3020.9	4
0	30258	3025.7	7
0	30288	3028.7	4
0	30312	3031.1	7
0	30336	3033.5	12
0	30344	3034.3	3
0	30386	3038.5	21
0	30406	3040.5	15
0	30416	3041.5	4
0	30434	3043.3	3
0	30528	3052.7	16
0	30616	3061.5	7
0	30664	3066.3	3
0	30678	3067.7	1
0	30740	3073.9	1
0	30790	3078.9	6
0	30812	3081.1	9
0	30830	3082.9	7
0	30936	3093.5	11
0	30946	3094.5	7
0	30962	3096.1	4
0	30988	3098.7	20
0	31126	3112.5	38
0	31226	3122.5	9
0	31306	3130.5	15
0	31330	3132.9	9
0	31422	3142.1	20
0	31488	3148.7	7
0	31524	3152.3	6
0	31806	3180.5	2
0	31896	3189.5	1
0	31976	3197.5	26
0	32044	3204.3	2
0	32046	3204.5	1
0	32050	3204.9	2
0	32072	3207.1	20
0	32144	3214.3	21
0	32232	3223.1	21
0	32254	3225.3	13
0	32274	3227.3	2
0	32298	3229.7	6
0	32334	3233.3	16
0	32344	3234.3	8
0	32380	3237.9	6
0	32398	3239.7	3
0	32432	3243.1	33
0	32504	3250.3	15
0	32550	3254.9	4
0	32554	3255.3	3
0	32594	3259.3	22
0	32666	3266.5	27
0	32826	3282.5	7
0	32990	3298.9	2
0	33006	3300.5	3
0	33010	3300.9	3
0	33082	3308.1	37
0	33118	3311.7	10
0	33162	3316.1	18
0	33194	3319.3	11
0	33196	3319.5	1
0	33326	3332.5	2
0	33422	3342.1	16
0	33440	3343.9	5
0	33448	3344.7	1
0	33452	3345.1	3
0	33512	3351.1	5
0	33520	3351.9	6
0	33718	3371.7	1
0	33826	3382.5	7
0	33846	3384.5	3
0	33890	3388.9	31
0	33908	3390.7	3
0	33950	3394.9	2
0	33964	3396.3	3
0	34070	3406.9	4
0	34102	3410.1	2
0	34148	3414.7	8
0	34194	3419.3	19
0	34200	3419.9	3
0	34204	3420.3	3
0	34242	3424.1	27
0	34280	3427.9	15
0	34360	3435.9	11
0	34414	3441.3	15
0	34516	3451.5	13
0	34540	3453.9	7
0	34592	3459.1	8
0	34610	3460.9	3
0	34654	3465.3	10
0	34748	3474.7	5
0	34774	3477.3	3
0	34830	3482.9	2
0	34844	3484.3	8
0	34962	3496.1	10
0	35048	3504.7	3
0	35128	3512.7	8
0	35134	3513.3	5
0	35184	3518.3	2
0	35232	3523.1	8
0	35300	3529.9	16
0	35334	3533.3	4
0	35348	3534.7	3
0	35382	3538.1	9
0	35512	3551.1	33
0	35610	3560.9	2
0	35756	3575.5	3
0	35826	3582.5	7
0	35844	3584.3	16
0	35858	3585.7	12
0	35886	3588.5	10
0	35952	3595.1	7
0	36018	3601.7	6
0	36098	3609.7	2
0	36114	3611.3	9
0	36178	3617.7	55
0	36234	3623.3	37
0	36252	3625.1	9
0	36290	3628.9	21
0	36348	3634.7	9
0	36450	3644.9	2
0	36518	3651.7	31
0	36642	3664.1	17
0	36710	3670.9	16
0	36712	3671.1	1
0	36768	3676.7	26
0	36794	3679.3	7
0	36816	3681.5	18
0	36900	3689.9	55
0	36978	3697.7	16
0	37128	3712.7	11
0	37334	3733.3	11
0	37420	3741.9	9
0	37422	3742.1	1
0	37436	3743.5	12
0	37498	3749.7	21
0	37528	3752.7	2
0	37552	3755.1	19
0	37620	3761.9	11
0	37676	3767.5	17
0	37712	3771.1	21
0	37766	3776.5	21
0	37786	3778.5	2
0	37842	3784.1	7
0	37882	3788.1	38
0	37922	3792.1	23
0	37924	3792.3	1
0	37944	3794.3	12
0	38062	3806.1	10
0	38076	3807.5	9
0	38084	3808.3	5
0	38190	3818.9	35
0	38214	3821.3	1
0	38278	3827.7	9
0	38358	3835.7	6
0	38382	3838.1	1
0	38396	3839.5	2
0	38432	3843.1	6
0	38458	3845.7	4
0	38550	3854.9	9
0	38614	3861.3	3
0	38622	3862.1	3
0	38642	3864.1	16
0	38660	3865.9	16
0	38762	3876.1	1
0	38780	3877.9	7
0	38794	3879.3	6
0	38914	3891.3	7
0	39062	3906.1	38
0	39096	3909.5	4
0	39124	3912.3	8
0	39140	3913.9	3
0	39172	3917.1	16
0	39250	3924.9	17
0	39278	3927.7	11
0	39284	3928.3	5
0	39414	3941.3	32
0	39462	3946.1	19
0	39510	3950.9	33
0	39632	3963.1	5
0	39664	3966.3	6
0	39676	3967.5	3
0	39796	3979.5	42
0	39864	3986.3	3
0	39956	3995.5	25
0	39968	3996.7	5
0	39994	3999.3	22
0	40018	4001.7	5
0	40072	4007.1	10
0	40176	4017.5	35
0	40282	4028.1	20
0	40332	4033.1	5
0	40436	4043.5	13
0	40474	4047.3	7
0	40500	4049.9	23
0	40548	4054.7	9
0	40630	4062.9	7
0	40660	4065.9	1
0	40816	4081.5	43
0	40818	4081.7	1
0	40854	4085.3	3
0	40922	4092.1	2
0	41024	4102.3	4
0	41076	4107.5	11
0	41154	4115.3	3
0	41192	4119.1	11
0	41230	4122.9	8
0	41324	4132.3	43
0	41342	4134.1	9
0	41366	4136.5	22
0	41396	4139.5	28
0	41464	4146.3	2
0	41506	4150.5	25
0	41526	4152.5	13
0	41544	4154.3	13
0	41604	4160.3	5
0	41608	4160.7	3
0	41666	4166.5	15
0	41716	4171.5	5
0	41720	4171.9	3
0	41986	4198.5	7
0	42092	4209.1	48
0	42124	4212.3	13
0	42132	4213.1	4
0	42152	4215.1	15
0	42314	4231.3	14
0	42344	4234.3	7
0	42420	4241.9	29
0	42530	4252.9	11
0	42594	4259.3	4
0	42660	4265.9	17
0	42788	4278.7	3
0	42854	4285.3	41
0	42894	4289.3	5
0	43006	4300.5	10
0	43060	4305.9	1
0	43068	4306.7	4
0	43122	4312.1	42
0	43184	4318.3	8
0	43272	4327.1	21
0	43294	4329.3	18
0	43310	4330.9	9
0	43334	4333.3	18
0	43378	4337.7	13
0	43428	4342.7	7
0	43538	4353.7	36
0	43568	4356.7	1
0	43604	4360.3	31
0	43640	4363.9	17
0	43722	4372.1	73
0	43772	4377.1	42
0	43992	4399.1	5
0	44010	4400.9	7
0	44078	4407.7	8
0	44114	4411.3	5
0	44178	4417.7	3
0	44244	4424.3	7
0	44310	4430.9	3
0	44374	4437.3	36
0	44398	4439.7	22
0	44474	4447.3	4
0	44494	4449.3	11
0	44534	4453.3	33
0	44580	4457.9	7
0	44636	4463.5	2
0	44680	4467.9	25
0	44796	4479.5	20
0	44892	4489.1	8
0	44940	4493.9	3
0	44982	4498.1	21
0	45026	4502.5	6
0	45076	4507.5	11
0	45242	4524.1	17
0	45262	4526.1	8
0	45302	4530.1	7
0	45474	4547.3	2
0	45516	4551.5	10
0	45560	4555.9	26
0	45682	4568.1	11
0	45796	4579.5	31
0	45900	4589.9	2
0	46018	4601.7	29
0	46036	4603.5	13
0	46084	4608.3	20
0	46096	4609.5	3
0	46140	4613.9	4
0	46156	4615.5	2
0	46194	4619.3	7
0	46292	4629.1	19
0	46352	4635.1	17
0	46406	4640.5	7
0	46464	4646.3	6
0	46478	4647.7	6
0	46480	4647.9	1
0	46512	4651.1	22
0	46664	4666.3	35
0	46834	4683.3	18
0	46980	4697.9	2
0	47112	4711.1	22
0	47122	4712.1	4
0	47166	4716.5	4
0	47338	4733.7	19
0	47356	4735.5	1
0	47480	4747.9	25
0	47498	4749.7	5
0	47548	4754.7	3
0	47566	4756.5	2
0	47588	4758.7	6
0	47736	4773.5	2
0	47826	4782.5	3
0	47856	4785.5	17
0	47976	4797.5	2
0	48050	4804.9	23
0	48108	4810.7	25
0	48160	4815.9	3
0	48224	4822.3	2
0	48234	4823.3	8
0	48298	4829.7	33
0	48470	4846.9	43
0	48484	4848.3	10
0	48512	4851.1	7
0	48590	4858.9	26
0	48612	4861.1	11
0	48664	4866.3	42
0	48680	4867.9	12
0	48726	4872.5	4
0	48798	4879.7	8
0	48826	4882.5	20
0	48904	4890.3	5
0	48976	4897.5	3
0	48994	4899.3	1
0	49024	4902.3	1
0	49058	4905.7	3
0	49144	4914.3	16
0	49178	4917.7	24
0	49184	4918.3	2
0	49200	4919.9	3
0	49210	4920.9	1
0	49254	4925.3	11
0	49296	4929.5	26
0	49302	4930.1	3
0	49356	4935.5	3
0	49546	4954.5	33
0	49580	4957.9	17
0	49598	4959.7	10
0	49626	4962.5	6
0	49672	4967.1	23
0	49730	4972.9	29
0	49794	4979.3	12
0	49932	4993.1	17
0	50206	5020.5	1
0	50208	5020.7	1
0	50264	5026.3	2
0	50266	5026.5	1
0	50282	5028.1	10
0	50286	5028.5	3
0	50374	5037.3	31
0	50432	5043.1	9
0	50580	5057.9	7
0	50590	5058.9	3
0	50594	5059.3	3
0	50688	5068.7	41
0	50726	5072.5	3
0	50754	5075.3	24
0	50796	5079.5	16
0	50828	5082.7	7
0	50938	5093.7	8
0	50972	5097.1	2
0	51180	5117.9	5
0	51228	5122.7	15
0	51260	5125.9	2
0	51342	5134.1	31
0	51420	5141.9	52
0	51446	5144.5	17
0	51464	5146.3	2
0	51524	5152.3	20
0	51586	5158.5	3
0	51678	5167.7	17
0	51708	5170.7	8
0	51732	5173.1	22
0	51758	5175.7	1
0	51760	5175.9	1
0	51842	5184.1	17
0	51894	5189.3	6
0	51950	5194.9	29
1	29	2.8	11
1	139	13.8	31
1	153	15.2	8
1	159	15.8	2
1	189	18.8	9
1	215	21.4	12
1	251	25	2
1	317	31.6	8
1	329	32.8	6
1	347	34.6	4
1	383	38.2	17
1	393	39.2	9
1	609	60.8	8
1	681	68	60
1	695	69.4	9
1	725	72.4	7
1	763	76.2	5
1	949	94.8	5
1	1105	110.4	1
1	1303	130.2	22
1	1369	136.8	2
1	1547	154.6	7
1	1555	155.4	4
1	1569	156.8	2
1	1587	158.6	7
1	1619	161.8	6
1	1797	179.6	15
1	1839	183.8	7
1	1861	186	10
1	1921	192	20
1	1947	194.6	16
1	2061	206	37
1	2129	212.8	21
1	2167	216.6	27
1	2273	227.2	22
1	2285	228.4	5
1	2309	230.8	18
1	2379	237.8	2
1	2423	242.2	16
1	2437	243.6	11
1	2525	252.4	32
1	2551	255	17
1	2743	274.2	7
1	2777	277.6	26
1	2827	282.6	15
1	2903	290.2	16
1	2913	291.2	5
1	2989	298.8	5
1	3009	300.8	2
1	3077	307.6	9
1	3175	317.4	4
1	3215	321.4	1
1	3219	321.8	2
1	3235	323.4	12
1	3297	329.6	2
1	3337	333.6	33
1	3357	335.6	4
1	3489	348.8	11
1	3575	357.4	2
1	3601	360	11
1	3685	368.4	13
1	3863	386.2	66
1	3897	389.6	1
1	4117	411.6	8
1	4133	413.2	3
1	4219	421.8	2
1	4223	422.2	2
1	4307	430.6	38
1	4337	433.6	23
1	4375	437.4	3
1	4507	450.6	44
1	4619	461.8	11
1	4765	476.4	5
1	4847	484.6	2
1	4875	487.4	5
1	4931	493	15
1	5023	502.2	7
1	5049	504.8	9
1	5127	512.6	30
1	5149	514.8	4
1	5215	521.4	36
1	5225	522.4	7
1	5393	539.2	7
1	5411	541	9
1	5449	544.8	7
1	5563	556.2	3
1	5623	562.2	21
1	5751	575	7
1	5773	577.2	21
1	5787	578.6	4
1	5837	583.6	35
1	5989	598.8	2
1	6001	600	5
1	6051	605	3
1	6071	607	5
1	6075	607.4	3
1	6111	611	10
1	6115	611.4	2
1	6137	613.6	8
1	6175	617.4	34
1	6209	620.8	9
1	6273	627.2	1
1	6451	645	7
1	6493	649.2	17
1	6591	659	51
1	6727	672.6	11
1	6817	681.6	23
1	6875	687.4	7
1	6933	693.2	22
1	7079	707.8	13
1	7091	709	9
1	7233	723.2	23
1	7285	728.4	13
1	7359	735.8	21
1	7469	746.8	41
1	7513	751.2	13
1	7559	755.8	28
1	7585	758.4	5
1	7691	769	39
1	7717	771.6	16
1	7733	773.2	4
1	7801	780	37
1	7855	785.4	5
1	7887	788.6	5
1	7977	797.6	6
1	7993	799.2	6
1	8091	809	31
1	8111	811	12
1	8171	817	3
1	8245	824.4	49
1	8475	847.4	14
1	8523	852.2	18
1	8651	865	2
1	8701	870	15
1	8745	874.4	19
1	8769	876.8	1
1	8829	882.8	14
1	8847	884.6	16
1	8967	896.6	13
1	9019	901.8	17
1	9049	904.8	5
1	9107	910.6	19
1	9121	912	8
1	9149	914.8	8
1	9155	915.4	1
1	9199	919.8	11
1	9343	934.2	1
1	9405	940.4	44
1	9419	941.8	11
1	9567	956.6	37
1	9585	958.4	4
1	9599	959.8	4
1	9705	970.4	27
1	9715	971.4	7
1	9855	985.4	35
1	9885	988.4	7
1	9905	990.4	11
1	10001	1000	12
1	10011	1001	2
1	10045	1004.4	7
1	10107	1010.6	5
1	10121	1012	2
1	10251	1025	6
1	10511	1051	95
1	10537	1053.6	4
1	10551	1055	4
1	10587	1058.6	1
1	10631	1063	13
1	10663	1066.2	13
1	10757	1075.6	37
1	10907	1090.6	77
1	10959	1095.8	5
1	10983	1098.2	5
1	11001	1100	3
1	11043	1104.2	38
1	11065	1106.4	16
1	11173	1117.2	18
1	11211	1121	12
1	11319	1131.8	21
1	11399	1139.8	38
1	11469	1146.8	26
1	11537	1153.6	8
1	11573	1157.2	18
1	11679	1167.8	15
1	11697	1169.6	4
1	11739	1173.8	1
1	11939	1193.8	47
1	12053	1205.2	38
1	12067	1206.6	5
1	12099	1209.8	15
1	12133	1213.2	4
1	12177	1217.6	6
1	12213	1221.2	3
1	12275	1227.4	1
1	12397	1239.6	2
1	12433	1243.2	19
1	12475	1247.4	7
1	12541	1254	21
1	12577	1257.6	1
1	12657	1265.6	5
1	12713	1271.2	10
1	12753	1275.2	21
1	12767	1276.6	6
1	12905	1290.4	28
1	13041	1304	7
1	13109	1310.8	6
1	13171	1317	3
1	13201	1320	3
1	13229	1322.8	5
1	13277	1327.6	17
1	13427	1342.6	7
1	13431	1343	2
1	13455	1345.4	9
1	13477	1347.6	7
1	13483	1348.2	4
1	13523	1352.2	6
1	13527	1352.6	1
1	13559	1355.8	5
1	13603	1360.2	30
1	13649	1364.8	15
1	13671	1367	18
1	13729	1372.8	37
1	13833	1383.2	8
1	13841	1384	4
1	13957	1395.6	1
1	13971	1397	9
1	14053	1405.2	9
1	14145	1414.4	5
1	14191	1419	9
1	14311	1431	19
1	14351	1435	28
1	14445	1444.4	25
1	14471	1447	25
1	14531	1453	7
1	14559	1455.8	13
1	14603	1460.2	40
1	14649	1464.8	9
1	14707	1470.6	19
1	14717	1471.6	8
1	14747	1474.6	9
1	14887	1488.6	2
1	15069	1506.8	2
1	15171	1517	2
1	15277	1527.6	11
1	15355	1535.4	23
1	15369	1536.8	3
1	15371	1537	1
1	15377	1537.6	4
1	15435	1543.4	15
1	15437	1543.6	1
1	15471	1547	10
1	15539	1553.8	23
1	15569	1556.8	15
1	15617	1561.6	23
1	15631	1563	13
1	15661	1566	13
1	15897	1589.6	28
1	15917	1591.6	2
1	15927	1592.6	2
1	15963	1596.2	13
1	15977	1597.6	7
1	16053	1605.2	41
1	16091	1609	10
1	16107	1610.6	1
1	16151	1615	13
1	16227	1622.6	19
1	16389	1638.8	1
1	16485	1648.4	5
1	16513	1651.2	19
1	16565	1656.4	17
1	16627	1662.6	2
1	16659	1665.8	13
1	16753	1675.2	5
1	16783	1678.2	5
1	16805	1680.4	4
1	16837	1683.6	19
1	16951	1695	8
1	17011	1701	14
1	17021	1702	6
1	17059	1705.8	21
1	17091	1709	2
1	17169	1716.8	26
1	17273	1727.2	27
1	17331	1733	39
1	17435	1743.4	7
1	17483	1748.2	7
1	17513	1751.2	2
1	17561	1756	4
1	17621	1762	30
1	17637	1763.6	6
1	17687	1768.6	2
1	17705	1770.4	2
1	17725	1772.4	3
1	17881	1788	54
1	17895	1789.4	11
1	17993	1799.2	8
1	18031	1803	4
1	18037	1803.6	4
1	18043	1804.2	4
1	18101	1810	9
1	18117	1811.6	15
1	18185	1818.4	18
1	18207	1820.6	4
1	18225	1822.4	7
1	18251	1825	2
1	18289	1828.8	5
1	18291	1829	1
1	18413	1841.2	11
1	18539	1853.8	8
1	18559	1855.8	7
1	18561	1856	1
1	18605	1860.4	5
1	18867	1886.6	43
1	19041	1904	2
1	19153	1915.2	13
1	19177	1917.6	14
1	19333	1933.2	15
1	19359	1935.8	10
1	19451	1945	24
1	19483	1948.2	5
1	19519	1951.8	10
1	19563	1956.2	17
1	19681	1968	21
1	19699	1969.8	14
1	19769	1976.8	6
1	19791	1979	7
1	19817	1981.6	9
1	19885	1988.4	15
1	19905	1990.4	2
1	19991	1999	3
1	20009	2000.8	2
1	20123	2012.2	19
1	20193	2019.2	3
1	20343	2034.2	6
1	20481	2048	5
1	20511	2051	5
1	20641	2064	23
1	20729	2072.8	21
1	20759	2075.8	8
1	20803	2080.2	3
1	20845	2084.4	6
1	20939	2093.8	12
1	21025	2102.4	3
1	21105	2110.4	5
1	21139	2113.8	30
1	21197	2119.6	31
1	21257	2125.6	20
1	21285	2128.4	3
1	21317	2131.6	12
1	21409	2140.8	27
1	21419	2141.8	1
1	21487	2148.6	25
1	21511	2151	3
1	21539	2153.8	14
1	21689	2168.8	6
1	21819	2181.8	41
1	21845	2184.4	16
1	22047	2204.6	49
1	22059	2205.8	6
1	22099	2209.8	11
1	22141	2214	1
1	22259	2225.8	1
1	22291	2229	5
1	22307	2230.6	4
1	22327	2232.6	19
1	22347	2234.6	5
1	22459	2245.8	1
1	22475	2247.4	12
1	22535	2253.4	24
1	22567	2256.6	8
1	22609	2260.8	2
1	22647	2264.6	5
1	22683	2268.2	12
1	22811	2281	13
1	22875	2287.4	12
1	22935	2293.4	43
1	23061	2306	3
1	23065	2306.4	2
1	23097	2309.6	10
1	23229	2322.8	1
1	23275	2327.4	5
1	23307	2330.6	3
1	23325	2332.4	2
1	23335	2333.4	3
1	23351	2335	7
1	23389	2338.8	26
1	23443	2344.2	5
1	23519	2351.8	3
1	23551	2355	12
1	23599	2359.8	11
1	23719	2371.8	7
1	23825	2382.4	10
1	23843	2384.2	15
1	23973	2397.2	23
1	23993	2399.2	14
1	24101	2410	15
1	24129	2412.8	4
1	24139	2413.8	5
1	24167	2416.6	1
1	24187	2418.6	5
1	24243	2424.2	9
1	24281	2428	5
1	24339	2433.8	32
1	24463	2446.2	18
1	24503	2450.2	33
1	24571	2457	2
1	24609	2460.8	16
1	24651	2465	9
1	24705	2470.4	31
1	24841	2484	1
1	24957	2495.6	35
1	24981	2498	23
1	24995	2499.4	11
1	25009	2500.8	3
1	25021	2502	2
1	25127	2512.6	8
1	25141	2514	1
1	25179	2517.8	10
1	25195	2519.4	13
1	25285	2528.4	4
1	25563	2556.2	15
1	25675	2567.4	18
1	25739	2573.8	33
1	25759	2575.8	5
1	25779	2577.8	15
1	25789	2578.8	7
1	25813	2581.2	4
1	25867	2586.6	23
1	25885	2588.4	17
1	25939	2593.8	12
1	25979	2597.8	1
1	26027	2602.6	15
1	26043	2604.2	3
1	26083	2608.2	7
1	26111	2611	4
1	26167	2616.6	4
1	26295	2629.4	11
1	26457	2645.6	3
1	26587	2658.6	18
1	26597	2659.6	8
1	26623	2662.2	24
1	26721	2672	11
1	26771	2677	4
1	26815	2681.4	20
1	26911	2691	11
1	26983	2698.2	21
1	27033	2703.2	9
1	27049	2704.8	11
1	27073	2707.2	2
1	27085	2708.4	2
1	27137	2713.6	35
1	27231	2723	5
1	27293	2729.2	24
1	27353	2735.2	13
1	27493	2749.2	101
1	27507	2750.6	8
1	27523	2752.2	15
1	27529	2752.8	3
1	27605	2760.4	21
1	27659	2765.8	13
1	27681	2768	12
1	27689	2768.8	1
1	27721	2772	16
1	27733	2773.2	10
1	27815	2781.4	9
1	27891	2789	9
1	27899	2789.8	6
1	27939	2793.8	36
1	28011	2801	27
1	28093	2809.2	2
1	28117	2811.6	15
1	28267	2826.6	23
1	28295	2829.4	11
1	28299	2829.8	2
1	28325	2832.4	6
1	28407	2840.6	15
1	28443	2844.2	9
1	28545	2854.4	21
1	28627	2862.6	2
1	28667	2866.6	3
1	28695	2869.4	3
1	28701	2870	5
1	28721	2872	5
1	28773	2877.2	21
1	28857	2885.6	5
1	28951	2895	2
1	29097	2909.6	7
1	29125	2912.4	5
1	29139	2913.8	1
1	29227	2922.6	6
1	29375	2937.4	28
1	29533	2953.2	35
1	29555	2955.4	18
1	29583	2958.2	7
1	29605	2960.4	11
1	29621	2962	10
1	29703	2970.2	43
1	29725	2972.4	20
1	29851	2985	15
1	29873	2987.2	9
1	29933	2993.2	21
1	29961	2996	4
1	30039	3003.8	10
1	30141	3014	2
1	30241	3024	22
1	30251	3025	9
1	30365	3036.4	11
1	30391	3039	5
1	30411	3041	5
1	30499	3049.8	21
1	30581	3058	38
1	30669	3066.8	5
1	30701	3070	8
1	30713	3071.2	10
1	30751	3075	5
1	30803	3080.2	13
1	30819	3081.8	7
1	30833	3083.2	3
1	31155	3115.4	8
1	31163	3116.2	7
1	31283	3128.2	57
1	31339	3133.8	9
1	31351	3135	1
1	31461	3146	12
1	31541	3154	14
1	31577	3157.6	12
1	31649	3164.8	19
1	31819	3181.8	13
1	31823	3182.2	3
1	31883	3188.2	11
1	32121	3212	9
1	32123	3212.2	1
1	32269	3226.8	15
1	32395	3239.4	9
1	32455	3245.4	11
1	32489	3248.8	23
1	32523	3252.2	19
1	32669	3266.8	3
1	32731	3273	10
1	32745	3274.4	8
1	32783	3278.2	15
1	32947	3294.6	2
1	33045	3304.4	35
1	33201	3320	1
1	33235	3323.4	27
1	33247	3324.6	8
1	33339	3333.8	4
1	33405	3340.4	26
1	33445	3344.4	4
1	33491	3349	20
1	33551	3355	30
1	33575	3357.4	8
1	33597	3359.6	11
1	33699	3369.8	1
1	33715	3371.4	12
1	33819	3381.8	2
1	33843	3384.2	15
1	33859	3385.8	8
1	33895	3389.4	4
1	33905	3390.4	6
1	33955	3395.4	5
1	33981	3398	17
1	33991	3399	9
1	34061	3406	21
1	34077	3407.6	4
1	34265	3426.4	4
1	34349	3434.8	2
1	34373	3437.2	13
1	34441	3444	12
1	34473	3447.2	12
1	34527	3452.6	11
1	34549	3454.8	7
1	34563	3456.2	12
1	34607	3460.6	15
1	34691	3469	2
1	34713	3471.2	4
1	34723	3472.2	9
1	34743	3474.2	4
1	34851	3485	7
1	34887	3488.6	17
1	34929	3492.8	10
1	35007	3500.6	18
1	35051	3505	3
1	35119	3511.8	39
1	35207	3520.6	11
1	35305	3530.4	5
1	35325	3532.4	6
1	35343	3534.2	5
1	35373	3537.2	25
1	35385	3538.4	3
1	35453	3545.2	2
1	35479	3547.8	4
1	35583	3558.2	20
1	35667	3566.6	57
1	35727	3572.6	3
1	35783	3578.2	26
1	35875	3587.4	8
1	35907	3590.6	21
1	35945	3594.4	3
1	35995	3599.4	9
1	36077	3607.6	2
1	36079	3607.8	1
1	36123	3612.2	3
1	36185	3618.4	7
1	36241	3624	7
1	36381	3638	33
1	36389	3638.8	7
1	36419	3641.8	15
1	36427	3642.6	6
1	36459	3645.8	9
1	36535	3653.4	16
1	36589	3658.8	32
1	36651	3665	9
1	36693	3669.2	25
1	36837	3683.6	2
1	36845	3684.4	3
1	36915	3691.4	14
1	37117	3711.6	76
1	37137	3713.6	3
1	37291	3729	6
1	37313	3731.2	16
1	37345	3734.4	11
1	37393	3739.2	5
1	37465	3746.4	29
1	37517	3751.6	2
1	37591	3759	39
1	37659	3765.8	30
1	37691	3769	6
1	37723	3772.2	11
1	37739	3773.8	2
1	37783	3778.2	17
1	37819	3781.8	33
1	37895	3789.4	13
1	38037	3803.6	58
1	38067	3806.6	5
1	38113	3811.2	14
1	38135	3813.4	12
1	38201	3820	11
1	38269	3826.8	31
1	38315	3831.4	2
1	38561	3856	4
1	38589	3858.8	4
1	38721	3872	3
1	38843	3884.2	3
1	38907	3890.6	7
1	38971	3897	19
1	39137	3913.6	12
1	39189	3918.8	17
1	39297	3929.6	13
1	39311	3931	2
1	39535	3953.4	25
1	39627	3962.6	42
1	39673	3967.2	9
1	39817	3981.6	20
1	39875	3987.4	11
1	39931	3993	43
1	39971	3997	3
1	40077	4007.6	2
1	40141	4014	41
1	40181	4018	5
1	40337	4033.6	4
1	40401	4040	17
1	40421	4042	8
1	40467	4046.6	25
1	40529	4052.8	3
1	40599	4059.8	6
1	40645	4064.4	3
1	40697	4069.6	36
1	40715	4071.4	11
1	40773	4077.2	6
1	40839	4083.8	20
1	40887	4088.6	15
1	40981	4098	47
1	41051	4105	12
1	41065	4106.4	8
1	41151	4115	58
1	41205	4120.4	2
1	41399	4139.8	3
1	41453	4145.2	16
1	41469	4146.8	5
1	41593	4159.2	26
1	41633	4163.2	25
1	41683	4168.2	14
1	41757	4175.6	14
1	41777	4177.6	12
1	41807	4180.6	13
1	41979	4197.8	11
1	42029	4202.8	1
1	42137	4213.6	5
1	42203	4220.2	4
1	42245	4224.4	14
1	42267	4226.6	19
1	42299	4229.8	14
1	42443	4244.2	9
1	42461	4246	2
1	42487	4248.6	16
1	42543	4254.2	13
1	42613	4261.2	19
1	42643	4264.2	7
1	43009	4300.8	3
1	43129	4312.8	5
1	43153	4315.2	18
1	43175	4317.4	4
1	43215	4321.4	25
1	43251	4325	14
1	43301	4330	7
1	43623	4362.2	19
1	43785	4378.4	13
1	43859	4385.8	72
1	43911	4391	26
1	43963	4396.2	11
1	43977	4397.6	11
1	44003	4400.2	11
1	44049	4404.8	6
1	44109	4410.8	31
1	44141	4414	27
1	44175	4417.4	17
1	44229	4422.8	6
1	44265	4426.4	14
1	44287	4428.6	7
1	44329	4432.8	15
1	44405	4440.4	7
1	44447	4444.6	31
1	44467	4446.6	7
1	44481	4448	1
1	44655	4465.4	4
1	44723	4472.2	1
1	44849	4484.8	9
1	44907	4490.6	15
1	44957	4495.6	2
1	45009	4500.8	21
1	45097	4509.6	5
1	45225	4522.4	23
1	45295	4529.4	22
1	45371	4537	10
1	45571	4557	11
1	45671	4567	26
1	45703	4570.2	1
1	45729	4572.8	22
1	45843	4584.2	7
1	45871	4587	8
1	45943	4594.2	5
1	45983	4598.2	14
1	46023	4602.2	5
1	46093	4609.2	2
1	46133	4613.2	4
1	46181	4618	2
1	46207	4620.6	13
1	46213	4621.2	5
1	46273	4627.2	5
1	46371	4637	19
1	46399	4639.8	11
1	46517	4651.6	5
1	46539	4653.8	14
1	46629	4662.8	17
1	46865	4686.4	4
1	46885	4688.4	2
1	46905	4690.4	19
1	46967	4696.6	19
1	47007	4700.6	11
1	47073	4707.2	11
1	47083	4708.2	6
1	47089	4708.8	5
1	47227	4722.6	51
1	47305	4730.4	34
1	47313	4731.2	4
1	47351	4735	13
1	47411	4741	4
1	47455	4745.4	1
1	47483	4748.2	3
1	47517	4751.6	2
1	47659	4765.8	23
1	47671	4767	8
1	47689	4768.8	9
1	47753	4775.2	15
1	47795	4779.4	24
1	47823	4782.2	27
1	47837	4783.6	11
1	47887	4788.6	11
1	47891	4789	3
1	47925	4792.4	26
1	47973	4797.2	28
1	48113	4811.2	4
1	48319	4831.8	12
1	48349	4834.8	5
1	48407	4840.6	14
1	48559	4855.8	23
1	48601	4860	4
1	48703	4870.2	19
1	48805	4880.4	4
1	48857	4885.6	3
1	48859	4885.8	1
1	48869	4886.8	5
1	48899	4889.8	2
1	48971	4897	27
1	49055	4905.4	9
1	49075	4907.4	12
1	49151	4915	7
1	49197	4919.6	10
1	49205	4920.4	5
1	49215	4921.4	5
1	49299	4929.8	3
1	49313	4931.2	10
1	49417	4941.6	5
1	49473	4947.2	16
1	49485	4948.4	5
1	49489	4948.8	2
1	49737	4973.6	1
1	49761	4976	2
1	49889	4988.8	53
1	49909	4990.8	6
1	49993	4999.2	8
1	50019	5001.8	19
1	50055	5005.4	4
1	50113	5011.2	31
1	50199	5019.8	16
1	50217	5021.6	9
1	50229	5022.8	4
1	50309	5030.8	11
1	50315	5031.4	4
1	50319	5031.8	3
1	50343	5034.2	4
1	50443	5044.2	10
1	50445	5044.4	1
1	50475	5047.4	21
1	50511	5051	4
1	50525	5052.4	3
1	50567	5056.6	28
1	50573	5057.2	1
1	50641	5064	14
1	50647	5064.6	2
1	50709	5070.8	7
1	50801	5080	1
1	50805	5080.4	2
1	50849	5084.8	4
1	50891	5089	14
1	50929	5092.8	35
1	51079	5107.8	5
1	51193	5119.2	13
1	51213	5121.2	1
1	51289	5128.8	4
1	51359	5135.8	10
1	51453	5145.2	7
1	51473	5147.2	8
1	51497	5149.6	23
1	51503	5150.2	4
1	51653	5165.2	25
1	51813	5181.2	14
1	51973	5197.2	21
1	52009	5200.8	3
1	52019	5201.8	4
1	52045	5204.4	7
1	52067	5206.6	18
1	52071	5207	3
2	74	7.3	45
2	180	17.9	1
2	278	27.7	26
2	290	28.9	8
2	418	41.7	24
2	440	43.9	4
2	538	53.7	34
2	600	59.9	35
2	758	75.7	33
2	772	77.1	9
2	786	78.5	5
2	932	93.1	8
2	962	96.1	12
2	964	96.3	1
2	996	99.5	13
2	1090	108.9	19
2	1234	123.3	129
2	1280	127.9	45
2	1316	131.5	7
2	1330	132.9	6
2	1416	141.5	25
2	1650	164.9	15
2	1782	178.1	5
2	1832	183.1	32
2	1980	197.9	1
2	1998	199.7	15
2	2108	210.7	2
2	2140	213.9	2
2	2280	227.9	7
2	2352	235.1	6
2	2478	247.7	41
2	2554	255.3	3
2	2602	260.1	3
2	2612	261.1	6
2	2684	268.3	22
2	2718	271.7	4
2	2810	280.9	23
2	2850	284.9	15
2	2908	290.7	4
2	2984	298.3	46
2	3004	300.3	15
2	3014	301.3	5
2	3142	314.1	27
2	3200	319.9	8
2	3246	324.5	6
2	3434	343.3	12
2	3478	347.7	14
2	3664	366.3	22
2	3672	367.1	7
2	3724	372.3	35
2	3772	377.1	12
2	3884	388.3	17
2	3956	395.5	3
2	4012	401.1	19
2	4102	410.1	14
2	4128	412.7	10
2	4194	419.3	15
2	4314	431.3	7
2	4386	438.5	11
2	4394	439.3	4
2	4460	445.9	60
2	4510	450.9	1
2	4528	452.7	11
2	4538	453.7	5
2	4580	457.9	29
2	4608	460.7	11
2	4670	466.9	51
2	4698	469.7	4
2	4760	475.9	7
2	4916	491.5	9
2	4956	495.5	25
2	5016	501.5	39
2	5030	502.9	7
2	5072	507.1	23
2	5088	508.7	3
2	5138	513.7	11
2	5144	514.3	2
2	5162	516.1	4
2	5218	521.7	3
2	5246	524.5	8
2	5332	533.1	17
2	5402	540.1	7
2	5422	542.1	10
2	5436	543.5	12
2	5470	546.9	21
2	5590	558.9	9
2	5602	560.1	8
2	5664	566.3	23
2	5678	567.7	3
2	5858	585.7	21
2	5910	590.9	50
2	5980	597.9	8
2	6012	601.1	11
2	6032	603.1	1
2	6066	606.5	15
2	6200	619.9	25
2	6340	633.9	21
2	6348	634.7	6
2	6354	635.3	5
2	6444	644.3	15
2	6456	645.5	3
2	6606	660.5	11
2	6630	662.9	2
2	6668	666.7	15
2	6716	671.5	9
2	6744	674.3	17
2	6780	677.9	1
2	6794	679.3	9
2	7004	700.3	33
2	7066	706.5	32
2	7148	714.7	6
2	7180	717.9	14
2	7254	725.3	20
2	7324	732.3	2
2	7338	733.7	10
2	7416	741.5	5
2	7500	749.9	1
2	7528	752.7	10
2	7580	757.9	12
2	7652	765.1	14
2	7838	783.7	8
2	7850	784.9	2
2	7882	788.1	27
2	7970	796.9	8
2	7996	799.5	3
2	8196	819.5	25
2	8304	830.3	39
2	8378	837.7	44
2	8460	845.9	47
2	8500	849.9	13
2	8542	854.1	15
2	8626	862.5	15
2	8662	866.1	11
2	8686	868.5	6
2	8760	875.9	14
2	8876	887.5	29
2	8954	895.3	39
2	9002	900.1	8
2	9178	917.7	2
2	9188	918.7	6
2	9236	923.5	3
2	9238	923.7	1
2	9486	948.5	7
2	9530	952.9	2
2	9588	958.7	3
2	9604	960.3	5
2	9674	967.3	47
2	9708	970.7	3
2	9754	975.3	12
2	9820	981.9	2
2	9878	987.7	12
2	9894	989.3	9
2	10090	1008.9	12
2	10102	1010.1	5
2	10118	1011.7	11
2	10126	1012.5	5
2	10178	1017.7	20
2	10236	1023.5	37
2	10328	1032.7	20
2	10404	1040.3	37
2	10416	1041.5	11
2	10582	1058.1	3
2	10650	1064.9	8
2	10714	1071.3	5
2	10768	1076.7	11
2	10954	1095.3	13
2	10966	1096.5	3
2	11092	1109.1	11
2	11114	1111.3	1
2	11152	1115.1	27
2	11216	1121.5	5
2	11232	1123.1	7
2	11294	1129.3	15
2	11340	1133.9	13
2	11440	1143.9	10
2	11442	1144.1	1
2	11490	1148.9	21
2	11516	1151.5	19
2	11528	1152.7	4
2	11624	1162.3	3
2	11664	1166.3	13
2	11692	1169.1	13
2	11708	1170.7	5
2	11732	1173.1	15
2	11748	1174.7	9
2	11786	1178.5	17
2	11892	1189.1	44
2	11976	1197.5	37
2	12062	1206.1	9
2	12122	1212.1	23
2	12164	1216.3	12
2	12266	1226.5	10
2	12312	1231.1	2
2	12406	1240.5	7
2	12414	1241.3	2
2	12458	1245.7	20
2	12490	1248.9	11
2	12562	1256.1	21
2	12582	1258.1	1
2	12636	1263.5	24
2	12732	1273.1	10
2	12812	1281.1	25
2	12856	1285.5	39
2	13034	1303.3	30
2	13118	1311.7	9
2	13166	1316.5	21
2	13190	1318.9	7
2	13224	1322.3	3
2	13298	1329.7	21
2	13420	1341.9	58
2	13446	1344.5	13
2	13550	1354.9	23
2	13634	1363.3	26
2	13692	1369.1	21
2	13782	1378.1	52
2	13856	1385.5	14
2	13926	1392.5	9
2	13962	1396.1	5
2	14044	1404.3	11
2	14108	1410.7	7
2	14140	1413.9	4
2	14214	1421.3	23
2	14258	1425.7	9
2	14292	1429.1	26
2	14372	1437.1	4
2	14402	1440.1	12
2	14420	1441.9	1
2	14514	1451.3	13
2	14524	1452.3	8
2	14636	1463.5	2
2	14640	1463.9	3
2	14662	1466.1	9
2	14670	1466.9	2
2	14834	1483.3	16
2	14916	1491.5	2
2	14938	1493.7	21
2	14996	1499.5	56
2	15032	1503.1	16
2	15110	1510.9	18
2	15208	1520.7	1
2	15300	1529.9	2
2	15358	1535.7	2
2	15420	1541.9	2
2	15554	1555.3	14
2	15644	1564.3	6
2	15680	1567.9	19
2	15702	1570.1	15
2	15708	1570.7	4
2	15772	1577.1	4
2	15920	1591.9	2
2	15950	1594.9	23
2	15968	1596.7	5
2	15984	1598.3	1
2	16114	1611.3	7
2	16204	1620.3	12
2	16268	1626.7	2
2	16324	1632.3	2
2	16340	1633.9	11
2	16350	1634.9	1
2	16376	1637.5	7
2	16396	1639.5	7
2	16458	1645.7	1
2	16480	1647.9	1
2	16492	1649.1	5
2	16538	1653.7	20
2	16548	1654.7	2
2	16646	1664.5	19
2	16694	1669.3	12
2	16778	1677.7	1
2	16790	1678.9	7
2	16818	1681.7	13
2	16894	1689.3	25
2	16964	1696.3	13
2	17038	1703.7	15
2	17194	1719.3	3
2	17246	1724.5	4
2	17278	1727.7	5
2	17282	1728.1	2
2	17290	1728.9	7
2	17292	1729.1	1
2	17348	1734.7	17
2	17376	1737.5	25
2	17412	1741.1	2
2	17420	1741.9	3
2	17454	1745.3	19
2	17564	1756.3	3
2	17578	1757.7	9
2	17586	1758.5	6
2	17684	1768.3	3
2	17700	1769.9	3
2	17734	1773.3	9
2	17826	1782.5	8
2	17930	1792.9	2
2	17960	1795.9	28
2	17996	1799.5	3
2	18022	1802.1	22
2	18058	1805.7	15
2	18068	1806.7	4
2	18078	1807.7	9
2	18088	1808.7	9
2	18236	1823.5	11
2	18238	1823.7	1
2	18244	1824.3	4
2	18322	1832.1	8
2	18372	1837.1	15
2	18434	1843.3	21
2	18498	1849.7	3
2	18514	1851.3	8
2	18584	1858.3	23
2	18654	1865.3	49
2	18736	1873.5	2
2	18824	1882.3	7
2	18922	1892.1	3
2	19024	1902.3	1
2	19050	1904.9	9
2	19070	1906.9	9
2	19140	1913.9	23
2	19246	1924.5	29
2	19278	1927.7	21
2	19302	1930.1	13
2	19400	1939.9	26
2	19478	1947.7	20
2	19522	1952.1	1
2	19576	1957.5	5
2	19714	1971.3	2
2	19744	1974.3	20
2	19784	1978.3	8
2	19808	1980.7	10
2	19956	1995.5	51
2	20042	2004.1	18
2	20104	2010.3	13
2	20140	2013.9	4
2	20256	2025.5	1
2	20334	2033.3	19
2	20366	2036.5	2
2	20392	2039.1	11
2	20404	2040.3	1
2	20420	2041.9	8
2	20476	2047.5	35
2	20594	2059.3	68
2	20658	2065.7	16
2	20668	2066.7	8
2	20680	2067.9	5
2	20786	2078.5	27
2	20828	2082.7	25
2	20838	2083.7	8
2	20886	2088.5	18
2	20994	2099.3	3
2	21046	2104.5	16
2	21050	2104.9	1
2	21100	2109.9	45
2	21166	2116.5	23
2	21348	2134.7	20
2	21368	2136.7	5
2	21412	2141.1	2
2	21462	2146.1	9
2	21584	2158.3	37
2	21602	2160.1	3
2	21734	2173.3	9
2	21944	2194.3	22
2	21948	2194.7	3
2	21986	2198.5	33
2	21998	2199.7	5
2	22084	2208.3	25
2	22106	2210.5	7
2	22114	2211.3	2
2	22158	2215.7	2
2	22286	2228.5	16
2	22342	2234.1	15
2	22368	2236.7	8
2	22506	2250.5	15
2	22574	2257.3	6
2	22602	2260.1	5
2	22616	2261.5	7
2	22670	2266.9	23
2	22946	2294.5	7
2	22968	2296.7	7
2	23006	2300.5	12
2	23056	2305.5	46
2	23104	2310.3	4
2	23176	2317.5	17
2	23194	2319.3	5
2	23206	2320.5	8
2	23270	2326.9	20
2	23330	2332.9	5
2	23344	2334.3	5
2	23438	2343.7	1
2	23532	2353.1	13
2	23564	2356.3	2
2	23588	2358.7	8
2	23692	2369.1	13
2	23696	2369.5	2
2	23748	2374.7	16
2	23758	2375.7	8
2	23782	2378.1	14
2	23814	2381.3	24
2	23880	2387.9	11
2	23892	2389.1	6
2	23940	2393.9	10
2	23976	2397.5	1
2	24086	2408.5	19
2	24118	2411.7	13
2	24182	2418.1	7
2	24234	2423.3	2
2	24258	2425.7	15
2	24276	2427.5	5
2	24306	2430.5	3
2	24368	2436.7	23
2	24592	2459.1	16
2	24636	2463.5	12
2	24826	2482.5	2
2	24852	2485.1	11
2	24922	2492.1	15
2	25070	2506.9	3
2	25074	2507.3	2
2	25114	2511.3	19
2	25168	2516.7	14
2	25182	2518.1	3
2	25218	2521.7	23
2	25312	2531.1	3
2	25358	2535.7	41
2	25362	2536.1	2
2	25390	2538.9	10
2	25412	2541.1	5
2	25474	2547.3	32
2	25656	2565.5	42
2	25682	2568.1	6
2	25706	2570.5	7
2	25750	2574.9	11
2	25754	2575.3	2
2	25764	2576.3	5
2	25818	2581.7	4
2	25890	2588.9	5
2	25924	2592.3	3
2	25956	2595.5	17
2	26004	2600.3	13
2	26162	2616.1	4
2	26224	2622.3	4
2	26228	2622.7	3
2	26252	2625.1	10
2	26316	2631.5	6
2	26332	2633.1	10
2	26350	2634.9	11
2	26390	2638.9	36
2	26462	2646.1	1
2	26558	2655.7	1
2	26642	2664.1	12
2	26682	2668.1	38
2	26730	2672.9	9
2	26752	2675.1	18
2	26900	2689.9	1
2	26962	2696.1	51
2	27062	2706.1	5
2	27224	2722.3	43
2	27240	2723.9	9
2	27264	2726.3	3
2	27306	2730.5	13
2	27392	2739.1	1
2	27540	2753.9	6
2	27750	2774.9	4
2	27764	2776.3	6
2	27826	2782.5	7
2	27984	2798.3	10
2	28082	2808.1	47
2	28102	2810.1	9
2	28128	2812.7	9
2	28218	2821.7	21
2	28232	2823.1	7
2	28244	2824.3	2
2	28304	2830.3	5
2	28334	2833.3	9
2	28392	2839.1	10
2	28432	2843.1	25
2	28480	2847.9	37
2	28634	2863.3	2
2	28692	2869.1	25
2	28716	2871.5	2
2	28742	2874.1	21
2	28852	2885.1	7
2	28870	2886.9	11
2	28968	2896.7	17
2	29006	2900.5	11
2	29072	2907.1	20
2	29090	2908.9	4
2	29206	2920.5	23
2	29262	2926.1	14
2	29322	2932.1	1
2	29392	2939.1	16
2	29396	2939.5	2
2	29446	2944.5	29
2	29576	2957.5	6
2	29594	2959.3	1
2	29768	2976.7	32
2	29912	2991.1	14
2	29938	2993.7	5
2	29950	2994.9	3
2	30008	3000.7	2
2	30176	3017.5	21
2	30212	3021.1	2
2	30260	3025.9	2
2	30354	3035.3	9
2	30474	3047.3	21
2	30512	3051.1	13
2	30734	3073.3	19
2	30738	3073.7	3
2	30782	3078.1	31
2	30852	3085.1	18
2	30924	3092.3	14
2	30938	3093.7	2
2	30956	3095.5	10
2	31064	3106.3	76
2	31088	3108.7	9
2	31140	3113.9	4
2	31168	3116.7	1
2	31192	3119.1	20
2	31402	3140.1	37
2	31442	3144.1	3
2	31498	3149.7	10
2	31518	3151.7	19
2	31584	3158.3	7
2	31630	3162.9	28
2	31736	3173.5	87
2	31756	3175.5	19
2	31766	3176.5	8
2	31804	3180.3	23
2	31872	3187.1	11
2	31984	3198.3	8
2	32048	3204.7	2
2	32052	3205.1	1
2	32104	3210.3	29
2	32112	3211.1	3
2	32206	3220.5	53
2	32272	3227.1	3
2	32318	3231.7	9
2	32336	3233.5	2
2	32374	3237.3	30
2	32386	3238.5	6
2	32436	3243.5	4
2	32466	3246.5	11
2	32546	3254.5	23
2	32558	3255.7	4
2	32570	3256.9	10
2	32608	3260.7	5
2	32622	3262.1	8
2	32634	3263.3	6
2	32680	3267.9	8
2	32736	3273.5	5
2	32768	3276.7	16
2	32794	3279.3	11
2	32828	3282.7	1
2	32866	3286.5	23
2	32888	3288.7	20
2	32954	3295.3	7
2	32988	3298.7	24
2	32992	3299.1	2
2	33002	3300.1	9
2	33120	3311.9	2
2	33208	3320.7	7
2	33324	3332.3	11
2	33334	3333.3	6
2	33434	3343.3	8
2	33504	3350.3	3
2	33562	3356.1	11
2	33586	3358.5	11
2	33678	3367.7	3
2	33748	3374.7	23
2	33814	3381.3	57
2	33948	3394.7	17
2	34038	3403.7	9
2	34040	3403.9	1
2	34066	3406.5	5
2	34130	3412.9	9
2	34140	3413.9	8
2	34214	3421.3	10
2	34330	3432.9	50
2	34398	3439.7	13
2	34428	3442.7	14
2	34502	3450.1	7
2	34570	3456.9	7
2	34584	3458.3	8
2	34644	3464.3	25
2	34810	3480.9	9
2	34828	3482.7	7
2	34870	3486.9	19
2	35016	3501.5	3
2	35038	3503.7	4
2	35058	3505.7	3
2	35164	3516.3	30
2	35182	3518.1	1
2	35196	3519.5	4
2	35256	3525.5	13
2	35278	3527.7	7
2	35318	3531.7	13
2	35338	3533.7	4
2	35388	3538.7	3
2	35446	3544.5	15
2	35608	3560.7	25
2	35704	3570.3	24
2	35722	3572.1	3
2	35818	3581.7	27
2	35828	3582.7	2
2	35846	3584.5	2
2	35864	3586.3	2
2	35940	3593.9	19
2	35986	3598.5	34
2	36012	3601.1	16
2	36060	3605.9	25
2	36258	3625.7	6
2	36302	3630.1	12
2	36404	3640.3	12
2	36448	3644.7	21
2	36668	3666.7	17
2	36742	3674.1	8
2	36796	3679.5	2
2	36948	3694.7	13
2	37028	3702.7	10
2	37134	3713.3	6
2	37144	3714.3	3
2	37168	3716.7	15
2	37222	3722.1	53
2	37296	3729.5	5
2	37356	3735.5	11
2	37388	3738.7	11
2	37408	3740.7	15
2	37424	3742.3	2
2	37500	3749.9	2
2	37526	3752.5	8
2	37622	3762.1	2
2	37946	3794.5	2
2	38052	3805.1	5
2	38282	3828.1	4
2	38346	3834.5	3
2	38380	3837.9	20
2	38394	3839.3	12
2	38426	3842.5	10
2	38454	3845.3	22
2	38536	3853.5	3
2	38610	3860.9	20
2	38626	3862.5	4
2	38674	3867.3	14
2	38718	3871.7	43
2	38752	3875.1	25
2	38764	3876.3	2
2	38820	3881.9	26
2	38840	3883.9	9
2	38882	3888.1	23
2	38992	3899.1	21
2	39024	3902.3	22
2	39090	3908.9	19
2	39092	3909.1	1
2	39116	3911.5	15
2	39374	3937.3	63
2	39416	3941.5	2
2	39430	3942.9	13
2	39550	3954.9	15
2	39648	3964.7	16
2	39692	3969.1	5
2	39740	3973.9	23
2	39888	3988.7	13
2	40044	4004.3	26
2	40056	4005.5	10
2	40100	4009.9	8
2	40212	4021.1	18
2	40262	4026.1	1
2	40298	4029.7	16
2	40356	4035.5	13
2	40384	4038.3	13
2	40406	4040.5	3
2	40442	4044.1	6
2	40526	4052.5	26
2	40536	4053.5	6
2	40616	4061.5	15
2	40704	4070.3	6
2	40754	4075.3	1
2	40766	4076.5	1
2	40872	4087.1	18
2	40918	4091.7	14
2	41020	4101.9	23
2	41156	4115.5	2
2	41218	4121.7	5
2	41344	4134.3	1
2	41462	4146.1	7
2	41530	4152.9	4
2	41668	4166.7	1
2	41794	4179.3	16
2	41838	4183.7	28
2	41968	4196.7	9
2	42016	4201.5	15
2	42102	4210.1	10
2	42230	4222.9	27
2	42284	4228.3	17
2	42336	4233.5	14
2	42350	4234.9	2
2	42360	4235.9	9
2	42364	4236.3	3
2	42422	4242.1	2
2	42562	4256.1	17
2	42624	4262.3	1
2	42670	4266.9	9
2	42740	4273.9	35
2	42774	4277.3	11
2	42784	4278.3	9
2	42996	4299.5	20
2	43064	4306.3	4
2	43080	4307.9	10
2	43228	4322.7	13
2	43276	4327.5	4
2	43384	4338.3	5
2	43470	4346.9	33
2	43502	4350.1	15
2	43546	4354.5	8
2	43730	4372.9	8
2	43868	4386.7	8
2	43952	4395.1	5
2	44064	4406.3	14
2	44158	4415.7	17
2	44222	4422.1	19
2	44280	4427.9	6
2	44304	4430.3	17
2	44314	4431.3	4
2	44338	4433.7	5
2	44460	4445.9	13
2	44470	4446.9	1
2	44570	4456.9	6
2	44604	4460.3	24
2	44634	4463.3	25
2	44704	4470.3	19
2	44748	4474.7	3
2	44840	4483.9	17
2	44960	4495.9	2
2	45020	4501.9	11
2	45058	4505.7	26
2	45092	4509.1	16
2	45126	4512.5	3
2	45202	4520.1	45
2	45306	4530.5	3
2	45340	4533.9	32
2	45462	4546.1	3
2	45472	4547.1	6
2	45476	4547.5	2
2	45500	4549.9	1
2	45612	4561.1	41
2	45738	4573.7	1
2	45758	4575.7	1
2	45836	4583.5	17
2	45846	4584.5	1
2	45898	4589.7	10
2	45930	4592.9	30
2	45962	4596.1	18
2	45988	4598.7	3
2	46060	4605.9	24
2	46136	4613.5	3
2	46154	4615.3	7
2	46268	4626.7	13
2	46294	4629.3	2
2	46378	4637.7	7
2	46430	4642.9	20
2	46458	4645.7	15
2	46580	4657.9	22
2	46612	4661.1	21
2	46710	4670.9	29
2	46770	4676.9	23
2	46816	4681.5	23
2	46852	4685.1	18
2	46858	4685.7	5
2	46948	4694.7	1
2	46972	4697.1	3
2	47014	4701.3	7
2	47030	4702.9	14
2	47062	4706.1	16
2	47152	4715.1	5
2	47162	4716.1	9
2	47176	4717.5	10
2	47252	4725.1	24
2	47354	4735.3	3
2	47394	4739.3	27
2	47398	4739.7	2
2	47452	4745.1	41
2	47544	4754.3	11
2	47564	4756.3	16
2	47582	4758.1	3
2	47592	4759.1	2
2	47636	4763.5	42
2	47678	4767.7	7
2	47680	4767.9	1
2	47712	4771.1	23
2	47734	4773.3	14
2	47738	4773.7	2
2	47760	4775.9	4
2	47872	4787.1	11
2	47936	4793.5	11
2	48058	4805.7	7
2	48078	4807.7	18
2	48152	4815.1	29
2	48222	4822.1	31
2	48226	4822.5	2
2	48326	4832.5	7
2	48344	4834.3	7
2	48370	4836.9	21
2	48388	4838.7	16
2	48416	4841.5	1
2	48474	4847.3	4
2	48500	4849.9	16
2	48564	4856.3	5
2	48594	4859.3	4
2	48668	4866.7	3
2	48684	4868.3	4
2	48718	4871.7	15
2	48776	4877.5	6
2	48788	4878.7	9
2	48842	4884.1	7
2	48854	4885.3	6
2	48864	4886.3	5
2	48872	4887.1	2
2	48938	4893.7	34
2	48944	4894.3	1
2	49000	4899.9	5
2	49034	4903.3	10
2	49080	4907.9	5
2	49124	4912.3	9
2	49182	4918.1	4
2	49242	4924.1	21
2	49270	4926.9	16
2	49412	4941.1	12
2	49438	4943.7	21
2	49480	4947.9	7
2	49510	4950.9	5
2	49614	4961.3	3
2	49686	4968.5	13
2	49780	4977.9	18
2	49820	4981.9	25
2	49836	4983.5	7
2	49914	4991.3	5
2	49970	4996.9	13
2	50000	4999.9	7
2	50050	5004.9	17
2	50062	5006.1	7
2	50082	5008.1	15
2	50128	5012.7	15
2	50156	5015.5	3
2	50260	5025.9	29
2	50288	5028.7	2
2	50338	5033.7	19
2	50498	5049.7	21
2	50522	5052.1	6
2	50610	5060.9	14
2	50626	5062.5	10
2	50702	5070.1	9
2	50778	5077.7	24
2	50838	5083.7	5
2	50876	5087.5	8
2	50894	5089.3	3
2	50964	5096.3	8
2	50978	5097.7	2
2	51074	5107.3	92
2	51150	5114.9	67
2	51206	5120.5	13
2	51258	5125.7	25
2	51270	5126.9	1
2	51280	5127.9	1
2	51292	5129.1	3
2	51368	5136.7	3
2	51462	5146.1	8
2	51582	5158.1	58
2	51692	5169.1	10
2	51734	5173.3	2
2	51818	5181.7	5
2	51888	5188.7	45
2	51914	5191.3	17
2	51952	5195.1	1
2	52006	5200.5	33
2	52038	5203.7	18
3	77	7.6	1
3	79	7.8	1
3	141	14	1
3	157	15.6	4
3	179	17.8	19
3	291	29	1
3	309	30.8	5
3	323	32.2	6
3	337	33.6	1
3	351	35	1
3	601	60	1
3	621	62	12
3	717	71.6	1
3	773	77.2	1
3	939	93.8	2
3	963	96.2	1
3	983	98.2	4
3	997	99.6	1
3	1235	123.4	1
3	1281	128	1
3	1309	130.8	4
3	1373	137.2	4
3	1495	149.4	13
3	1551	155	4
3	1571	157	2
3	1629	162.8	1
3	1707	170.6	3
3	1851	185	1
3	1901	190	7
3	1923	192.2	2
3	1979	197.8	1
3	2023	202.2	2
3	2251	225	7
3	2291	229	1
3	2353	235.2	1
3	2373	237.2	6
3	2407	240.6	8
3	2425	242.4	1
3	2493	249.2	1
3	2555	255.4	1
3	2599	259.8	1
3	2711	271	4
3	2787	278.6	6
3	2831	283	2
3	2851	285	1
3	2887	288.6	1
3	3149	314.8	2
3	3171	317	1
3	3177	317.6	1
3	3217	321.6	2
3	3223	322.2	4
3	3247	324.6	1
3	3285	328.4	11
3	3361	336	4
3	3391	339	1
3	3395	339.4	1
3	3403	340.2	1
3	3551	355	1
3	3567	356.6	1
3	3605	360.4	1
3	3607	360.6	1
3	3665	366.4	1
3	3689	368.8	4
3	3913	391.2	4
3	3953	395.2	16
3	4029	402.8	15
3	4073	407.2	1
3	4103	410.2	1
3	4109	410.8	1
3	4129	412.8	1
3	4151	415	13
3	4173	417.2	1
3	4179	417.8	5
3	4217	421.6	2
3	4221	422	2
3	4243	424.2	4
3	4387	438.6	1
3	4509	450.8	2
3	4533	453.2	1
3	4725	472.4	1
3	4753	475.2	22
3	4795	479.4	1
3	4877	487.6	2
3	4977	497.6	13
3	5031	503	1
3	5073	507.2	1
3	5085	508.4	6
3	5097	509.6	1
3	5145	514.4	1
3	5153	515.2	4
3	5229	522.8	4
3	5481	548	1
3	5495	549.4	8
3	5625	562.4	2
3	5675	567.4	1
3	5783	578.2	1
3	5801	580	14
3	5911	591	1
3	5937	593.6	13
3	5957	595.6	16
3	5995	599.4	1
3	6031	603	5
3	6101	610	1
3	6129	612.8	1
3	6349	634.8	1
3	6381	638	10
3	6399	639.8	13
3	6453	645.2	2
3	6595	659.4	4
3	6607	660.6	1
3	6669	666.8	1
3	6707	670.6	1
3	6779	677.8	1
3	6785	678.4	1
3	6911	691	7
3	6939	693.8	1
3	6971	697	1
3	7005	700.4	1
3	7255	725.4	1
3	7289	728.8	4
3	7299	729.8	2
3	7411	741	4
3	7499	749.8	1
3	7701	770	1
3	7719	771.8	2
3	7971	797	1
3	7979	797.8	2
3	7987	798.6	1
3	8049	804.8	1
3	8099	809.8	8
3	8151	815	12
3	8249	824.8	4
3	8461	846	1
3	8505	850.4	1
3	8639	863.8	8
3	8667	866.6	1
3	8679	867.8	3
3	8717	871.6	1
3	8777	877.6	8
3	8815	881.4	23
3	8831	883	2
3	8883	888.2	5
3	9233	923.2	6
3	9237	923.6	1
3	9265	926.4	8
3	9341	934	1
3	9479	947.8	6
3	9511	951	4
3	9593	959.2	3
3	9595	959.4	1
3	9627	962.6	12
3	9777	977.6	2
3	9857	985.6	2
3	9935	993.4	1
3	9941	994	2
3	10021	1002	10
3	10055	1005.4	10
3	10097	1009.6	1
3	10119	1011.8	1
3	10155	1015.4	2
3	10179	1017.8	1
3	10255	1025.4	3
3	10339	1033.8	3
3	10353	1035.2	1
3	10365	1036.4	4
3	10405	1040.4	1
3	10513	1051.2	2
3	10533	1053.2	1
3	10547	1054.6	7
3	10641	1064	10
3	10681	1068	1
3	10785	1078.4	1
3	10925	1092.4	3
3	10963	1096.2	4
3	11005	1100.4	4
3	11049	1104.8	6
3	11113	1111.2	6
3	11155	1115.4	1
3	11199	1119.8	3
3	11243	1124.2	6
3	11295	1129.4	1
3	11321	1132	2
3	11345	1134.4	1
3	11403	1140.2	1
3	11441	1144	1
3	11443	1144.2	1
3	11491	1149	1
3	11529	1152.8	1
3	11555	1155.4	18
3	11621	1162	3
3	11693	1169.2	1
3	11703	1170.2	6
3	11709	1170.8	1
3	11733	1173.2	1
3	11769	1176.8	2
3	11793	1179.2	1
3	11813	1181.2	2
3	12073	1207.2	1
3	12123	1212.2	1
3	12141	1214	7
3	12171	1217	3
3	12295	1229.4	5
3	12365	1236.4	4
3	12393	1239.2	5
3	12491	1249	1
3	12501	1250	8
3	12519	1251.8	3
3	12563	1256.2	1
3	12581	1258	4
3	12671	1267	7
3	12703	1270.2	2
3	12761	1276	8
3	12865	1286.4	1
3	12873	1287.2	6
3	12909	1290.8	4
3	12911	1291	1
3	12935	1293.4	1
3	13003	1300.2	8
3	13057	1305.6	1
3	13119	1311.8	1
3	13129	1312.8	1
3	13145	1314.4	1
3	13167	1316.6	1
3	13175	1317.4	4
3	13203	1320.2	2
3	13221	1322	4
3	13245	1324.4	1
3	13525	1352.4	2
3	13653	1365.2	4
3	13837	1383.6	4
3	14033	1403.2	1
3	14071	1407	1
3	14101	1410	8
3	14157	1415.6	11
3	14249	1424.8	1
3	14323	1432.2	1
3	14355	1435.4	3
3	14361	1436	1
3	14367	1436.6	1
3	14381	1438	4
3	14419	1441.8	1
3	14563	1456.2	4
3	14637	1463.6	1
3	14789	1478.8	1
3	14843	1484.2	1
3	14889	1488.8	2
3	14917	1491.6	1
3	14939	1493.8	1
3	14997	1499.6	1
3	15033	1503.2	1
3	15075	1507.4	6
3	15157	1515.6	4
3	15207	1520.6	5
3	15209	1520.8	1
3	15373	1537.2	1
3	15393	1539.2	2
3	15405	1540.4	7
3	15411	1541	1
3	15571	1557	2
3	15635	1563.4	4
3	15717	1571.6	1
3	15737	1573.6	6
3	15803	1580.2	2
3	15817	1581.6	3
3	15851	1585	1
3	15921	1592	1
3	15983	1598.2	1
3	15985	1598.4	1
3	16081	1608	28
3	16307	1630.6	10
3	16329	1632.8	1
3	16349	1634.8	1
3	16367	1636.6	2
3	16369	1636.8	1
3	16377	1637.6	1
3	16457	1645.6	1
3	16479	1647.8	19
3	16569	1656.8	1
3	16591	1659	6
3	16625	1662.4	4
3	16755	1675.4	2
3	16777	1677.6	8
3	16801	1680	1
3	16869	1686.8	1
3	16943	1694.2	15
3	17015	1701.4	4
3	17099	1709.8	7
3	17131	1713	2
3	17143	1714.2	2
3	17175	1717.4	6
3	17195	1719.4	1
3	17225	1722.4	10
3	17241	1724	1
3	17283	1728.2	1
3	17291	1729	1
3	17461	1746	1
3	17549	1754.8	6
3	17557	1755.6	6
3	17589	1758.8	1
3	17591	1759	1
3	17631	1763	10
3	17681	1768	11
3	17685	1768.4	1
3	17787	1778.6	8
3	17827	1782.6	1
3	17985	1798.4	9
3	18033	1803.2	1
3	18039	1803.8	2
3	18059	1805.8	1
3	18069	1806.8	1
3	18079	1807.8	1
3	18237	1823.6	1
3	18265	1826.4	14
3	18303	1830.2	10
3	18351	1835	1
3	18495	1849.4	1
3	18595	1859.4	2
3	18711	1871	4
3	18713	1871.2	1
3	18737	1873.6	1
3	18811	1881	22
3	18919	1891.8	10
3	18975	1897.4	5
3	19001	1900	1
3	19023	1902.2	1
3	19161	1916	8
3	19163	1916.2	1
3	19195	1919.4	17
3	19253	1925.2	1
3	19289	1928.8	4
3	19309	1930.8	1
3	19349	1934.8	1
3	19365	1936.4	5
3	19427	1942.6	2
3	19453	1945.2	2
3	19509	1950.8	7
3	19521	1952	2
3	19571	1957	8
3	19585	1958.4	7
3	19685	1968.4	4
3	19723	1972.2	7
3	19763	1976.2	7
3	19775	1977.4	1
3	19797	1979.6	6
3	19999	1999.8	7
3	20067	2006.6	1
3	20145	2014.4	1
3	20255	2025.4	1
3	20315	2031.4	2
3	20349	2034.8	6
3	20393	2039.2	1
3	20403	2040.2	1
3	20405	2040.4	1
3	20437	2043.6	4
3	20497	2049.6	16
3	20501	2050	1
3	20601	2060	3
3	20681	2068	1
3	20701	2070	6
3	20787	2078.6	1
3	20829	2082.8	1
3	20839	2083.8	1
3	20951	2095	11
3	20991	2099	2
3	21029	2102.8	4
3	21049	2104.8	1
3	21109	2110.8	1
3	21143	2114.2	4
3	21237	2123.6	1
3	21305	2130.4	3
3	21381	2138	1
3	21449	2144.8	1
3	21523	2152.2	12
3	21749	2174.8	2
3	21829	2182.8	10
3	21855	2185.4	2
3	21945	2194.4	1
3	21987	2198.6	1
3	21993	2199.2	1
3	22053	2205.2	6
3	22107	2210.6	1
3	22151	2215	1
3	22235	2223.4	1
3	22389	2238.8	6
3	22463	2246.2	4
3	22489	2248.8	1
3	22511	2251	1
3	22671	2267	1
3	22827	2282.6	4
3	22831	2283	1
3	22863	2286.2	13
3	22939	2293.8	2
3	23063	2306.2	2
3	23087	2308.6	1
3	23159	2315.8	5
3	23195	2319.4	1
3	23233	2323.2	1
3	23241	2324	2
3	23339	2333.8	3
3	23363	2336.2	12
3	23407	2340.6	1
3	23437	2343.6	7
3	23451	2345	7
3	23655	2365.4	2
3	23727	2372.6	1
3	23749	2374.8	1
3	23815	2381.4	1
3	23869	2386.8	4
3	23893	2389.2	1
3	23919	2391.8	15
3	23941	2394	1
3	23975	2397.4	2
3	23979	2397.8	1
3	23999	2399.8	6
3	24133	2413.2	4
3	24283	2428.2	2
3	24303	2430.2	7
3	24307	2430.6	1
3	24345	2434.4	6
3	24569	2456.8	24
3	24593	2459.2	1
3	24655	2465.4	2
3	24839	2483.8	1
3	24983	2498.2	2
3	25045	2504.4	24
3	25067	2506.6	3
3	25071	2507	1
3	25129	2512.8	2
3	25139	2513.8	7
3	25145	2514.4	4
3	25169	2516.8	1
3	25529	2552.8	3
3	25609	2560.8	16
3	25657	2565.6	1
3	25781	2578	2
3	25809	2580.8	2
3	25837	2583.6	4
3	25921	2592	3
3	25981	2598	2
3	26129	2612.8	1
3	26163	2616.2	1
3	26225	2622.4	1
3	26267	2626.6	4
3	26317	2631.6	1
3	26333	2633.2	1
3	26339	2633.8	1
3	26435	2643.4	6
3	26461	2646	4
3	26557	2655.6	1
3	26569	2656.8	6
3	26589	2658.8	2
3	26599	2659.8	1
3	26731	2673	1
3	26767	2676.6	1
3	26885	2688.4	1
3	26899	2689.8	1
3	27057	2705.6	8
3	27071	2707	2
3	27083	2708.2	1
3	27089	2708.8	4
3	27095	2709.4	3
3	27249	2724.8	5
3	27269	2726.8	3
3	27307	2730.6	1
3	27319	2731.8	2
3	27355	2735.4	2
3	27391	2739	1
3	27499	2749.8	6
3	27541	2754	1
3	27669	2766.8	1
3	27685	2768.4	4
3	27705	2770.4	2
3	27723	2772.2	1
3	27745	2774.4	10
3	27781	2778	6
3	27805	2780.4	2
3	27845	2784.4	10
3	27893	2789.2	2
3	27903	2790.2	4
3	28119	2811.8	1
3	28159	2815.8	11
3	28175	2817.4	3
3	28225	2822.4	2
3	28297	2829.6	2
3	28319	2831.8	5
3	28503	2850.2	2
3	28517	2851.6	4
3	28629	2862.8	2
3	28713	2871.2	1
3	28813	2881.2	1
3	28883	2888.2	1
3	28995	2899.4	1
3	29049	2904.8	14
3	29157	2915.6	6
3	29159	2915.8	1
3	29207	2920.6	1
3	29239	2923.8	12
3	29321	2932	7
3	29397	2939.6	1
3	29413	2941.2	2
3	29417	2941.6	1
3	29457	2945.6	9
3	29491	2949	16
3	29569	2956.8	1
3	29591	2959	5
3	29593	2959.2	1
3	29611	2961	6
3	29705	2970.4	2
3	29735	2973.4	10
3	29877	2987.6	4
3	29947	2994.6	5
3	30139	3013.8	4
3	30155	3015.4	14
3	30177	3017.6	1
3	30289	3028.8	1
3	30345	3034.4	1
3	30431	3043	6
3	30617	3061.6	1
3	30677	3067.6	8
3	30693	3069.2	11
3	30735	3073.4	1
3	30739	3073.8	1
3	30887	3088.6	21
3	30925	3092.4	1
3	30939	3093.8	1
3	31127	3112.6	1
3	31167	3116.6	4
3	31341	3134	2
3	31481	3148	20
3	31499	3149.8	1
3	31565	3156.4	24
3	31737	3173.6	1
3	31845	3184.4	22
3	31861	3186	15
3	31885	3188.4	1
3	31895	3189.4	2
3	31923	3192.2	4
3	31939	3193.8	7
3	32045	3204.4	1
3	32051	3205	1
3	32109	3210.8	3
3	32289	3228.8	2
3	32399	3239.8	1
3	32551	3255	1
3	32559	3255.8	1
3	32613	3261.2	1
3	32737	3273.6	1
3	32827	3282.6	1
3	32843	3284.2	2
3	32993	3299.2	1
3	33003	3300.2	1
3	33007	3300.6	1
3	33121	3312	1
3	33195	3319.4	1
3	33281	3328	8
3	33327	3332.6	1
3	33335	3333.4	1
3	33341	3334	2
3	33435	3343.4	1
3	33441	3344	1
3	33447	3344.6	2
3	33449	3344.8	1
3	33471	3347	5
3	33493	3349.2	2
3	33505	3350.4	1
3	33513	3351.2	1
3	33521	3352	1
3	33645	3364.4	22
3	33675	3367.4	16
3	33717	3371.6	2
3	33891	3389	1
3	33899	3389.8	3
3	34039	3403.8	1
3	34089	3408.8	6
3	34201	3420	1
3	34215	3421.4	1
3	34261	3426	3
3	34399	3439.8	1
3	34429	3442.8	1
3	34461	3446	19
3	34503	3450.2	1
3	34551	3455	2
3	34571	3457	1
3	34611	3461	1
3	34619	3461.8	2
3	34655	3465.4	1
3	34675	3467.4	3
3	34699	3469.8	6
3	34731	3473	8
3	34771	3477	12
3	34899	3489.8	8
3	34919	3491.8	5
3	34949	3494.8	20
3	34985	3498.4	3
3	34989	3498.8	2
3	35013	3501.2	6
3	35055	3505.4	4
3	35059	3505.8	1
3	35079	3507.8	1
3	35129	3512.8	1
3	35181	3518	7
3	35185	3518.4	1
3	35215	3521.4	8
3	35279	3527.8	1
3	35319	3531.8	1
3	35327	3532.6	2
3	35345	3534.4	1
3	35459	3545.8	6
3	35513	3551.2	1
3	35533	3553.2	2
3	35723	3572.2	1
3	35749	3574.8	20
3	35753	3575.2	1
3	35757	3575.6	1
3	35785	3578.4	2
3	35819	3581.8	1
3	35909	3590.8	2
3	35921	3592	11
3	36085	3608.4	6
3	36319	3631.8	1
3	36463	3646.2	4
3	36475	3647.4	6
3	36519	3651.8	1
3	36541	3654	6
3	36711	3671	1
3	36721	3672	2
3	36817	3681.6	1
3	36835	3683.4	6
3	36901	3690	1
3	36923	3692.2	5
3	37029	3702.8	1
3	37041	3704	2
3	37169	3716.8	1
3	37263	3726.2	18
3	37285	3728.4	2
3	37297	3729.6	1
3	37323	3732.2	6
3	37371	3737	1
3	37421	3742	1
3	37477	3747.6	10
3	37533	3753.2	2
3	37605	3760.4	12
3	37629	3762.8	4
3	37685	3768.4	7
3	37737	3773.6	14
3	37899	3789.8	4
3	37923	3792.2	1
3	37925	3792.4	1
3	37931	3793	4
3	38039	3803.8	1
3	38043	3804.2	2
3	38123	3812.2	10
3	38213	3821.2	12
3	38231	3823	8
3	38283	3828.2	1
3	38289	3828.8	3
3	38313	3831.2	3
3	38343	3834.2	8
3	38381	3838	1
3	38411	3841	12
3	38533	3853.2	20
3	38557	3855.6	3
3	38611	3861	1
3	38619	3861.8	2
3	38675	3867.4	1
3	38761	3876	5
3	38781	3878	1
3	38821	3882	1
3	38831	3883	4
3	38915	3891.4	1
3	38937	3893.6	7
3	38949	3894.8	6
3	39063	3906.2	1
3	39067	3906.6	3
3	39091	3909	1
3	39101	3910	1
3	39125	3912.4	1
3	39233	3923.2	12
3	39279	3927.8	1
3	39301	3930	4
3	39417	3941.6	1
3	39551	3955	1
3	39797	3979.6	1
3	39861	3986	8
3	39963	3996.2	2
3	40091	4009	14
3	40185	4018.4	4
3	40261	4026	10
3	40333	4033.2	1
3	40371	4037	2
3	40403	4040.2	2
3	40423	4042.2	2
3	40537	4053.6	1
3	40569	4056.8	13
3	40637	4063.6	3
3	40647	4064.6	2
3	40659	4065.8	3
3	40661	4066	1
3	40753	4075.2	4
3	40755	4075.4	1
3	40765	4076.4	9
3	40767	4076.6	1
3	40817	4081.6	1
3	40819	4081.8	1
3	40851	4085	10
3	40903	4090.2	12
3	40923	4092.2	1
3	40997	4099.6	16
3	41031	4103	2
3	41057	4105.6	6
3	41181	4118	2
3	41213	4121.2	6
3	41219	4121.8	1
3	41333	4133.2	2
3	41343	4134.2	1
3	41481	4148	12
3	41531	4153	1
3	41599	4159.8	6
3	41605	4160.4	1
3	41651	4165	18
3	41667	4166.6	1
3	41669	4166.8	1
3	41691	4169	7
3	41717	4171.6	1
3	41765	4176.4	8
3	41839	4183.8	1
3	41869	4186.8	10
3	41987	4198.6	1
3	42199	4219.8	1
3	42231	4223	1
3	42285	4228.4	1
3	42337	4233.6	1
3	42345	4234.4	1
3	42351	4235	1
3	42361	4236	1
3	42387	4238.6	12
3	42423	4242.2	1
3	42459	4245.8	15
3	42467	4246.6	6
3	42519	4251.8	4
3	42545	4254.4	2
3	42563	4256.2	1
3	42615	4261.4	2
3	42623	4262.2	3
3	42661	4266	1
3	42763	4276.2	3
3	42775	4277.4	1
3	42785	4278.4	1
3	42789	4278.8	1
3	42889	4288.8	14
3	42895	4289.4	1
3	43011	4301	1
3	43059	4305.8	2
3	43379	4337.8	1
3	43417	4341.6	6
3	43437	4343.6	7
3	43487	4348.6	7
3	43567	4356.6	16
3	43787	4378.6	2
3	43919	4391.8	2
3	43947	4394.6	10
3	43987	4398.6	3
3	44043	4404.2	4
3	44223	4422.2	1
3	44237	4423.6	8
3	44251	4425	4
3	44269	4426.8	4
3	44333	4433.2	3
3	44415	4441.4	10
3	44469	4446.8	2
3	44563	4456.2	5
3	44651	4465	2
3	44681	4468	1
3	44711	4471	1
3	44745	4474.4	4
3	44823	4482.2	8
3	44873	4487.2	18
3	44879	4487.8	3
3	44909	4490.8	2
3	44955	4495.4	11
3	44961	4496	1
3	45027	4502.6	1
3	45099	4509.8	2
3	45103	4510.2	2
3	45303	4530.2	1
3	45383	4538.2	12
3	45387	4538.6	2
3	45449	4544.8	6
3	45487	4548.6	3
3	45499	4549.8	9
3	45505	4550.4	1
3	45707	4570.6	2
3	45737	4573.6	8
3	45757	4575.6	8
3	45797	4579.6	1
3	45819	4581.8	8
3	45845	4584.4	2
3	45863	4586.2	12
3	45879	4587.8	8
3	45985	4598.4	2
3	45989	4598.8	1
3	46157	4615.6	1
3	46163	4616.2	5
3	46187	4618.6	5
3	46295	4629.4	1
3	46479	4647.8	1
3	46525	4652.4	8
3	46543	4654.2	4
3	46665	4666.4	1
3	46727	4672.6	9
3	46747	4674.6	10
3	46783	4678.2	1
3	46853	4685.2	1
3	46947	4694.6	6
3	46973	4697.2	1
3	47077	4707.6	4
3	47113	4711.2	1
3	47131	4713	7
3	47153	4715.2	1
3	47253	4725.2	1
3	47271	4727	10
3	47309	4730.8	4
3	47319	4731.8	6
3	47355	4735.4	1
3	47367	4736.6	3
3	47395	4739.4	1
3	47399	4739.8	1
3	47407	4740.6	5
3	47493	4749.2	4
3	47533	4753.2	16
3	47545	4754.4	1
3	47679	4767.8	1
3	47839	4783.8	1
3	47899	4789.8	6
3	47937	4793.6	1
3	48027	4802.6	4
3	48051	4805	1
3	48109	4810.8	1
3	48265	4826.4	2
3	48299	4829.8	1
3	48415	4841.4	8
3	48417	4841.6	1
3	48501	4850	1
3	48665	4866.4	1
3	48799	4879.8	1
3	48801	4880	1
3	48843	4884.2	1
3	48873	4887.2	1
3	48939	4893.8	1
3	48943	4894.2	3
3	48973	4897.2	2
3	48993	4899.2	1
3	48995	4899.4	1
3	49023	4902.2	4
3	49087	4908.6	1
3	49125	4912.4	1
3	49209	4920.8	4
3	49243	4924.2	1
3	49303	4930.2	1
3	49315	4931.4	2
3	49357	4935.6	1
3	49387	4938.6	16
3	49399	4939.8	9
3	49457	4945.6	3
3	49505	4950.4	16
3	49563	4956.2	2
3	49581	4958	1
3	49649	4964.8	4
3	49673	4967.2	1
3	49745	4974.4	8
3	49781	4978	1
3	49795	4979.4	1
3	49903	4990.2	14
3	49915	4991.4	1
3	50051	5005	1
3	50183	5018.2	18
3	50205	5020.4	6
3	50207	5020.6	1
3	50265	5026.4	1
3	50283	5028.2	1
3	50339	5033.8	1
3	50401	5040	2
3	50433	5043.2	1
3	50449	5044.8	4
3	50539	5053.8	14
3	50587	5058.6	4
3	50591	5059	1
3	50627	5062.6	1
3	50723	5072.2	14
3	50779	5077.8	1
3	50797	5079.6	1
3	50821	5082	16
3	50833	5083.2	3
3	50867	5086.6	18
3	50877	5087.6	1
3	50939	5093.8	1
3	50947	5094.6	4
3	51175	5117.4	10
3	51269	5126.8	5
3	51271	5127	1
3	51279	5127.8	3
3	51305	5130.4	4
3	51365	5136.4	6
3	51465	5146.4	1
3	51583	5158.2	1
3	51657	5165.6	4
3	51757	5175.6	6
3	51759	5175.8	1
3	51799	5179.8	20
3	51843	5184.2	1
3	51951	5195	1
3	52015	5201.4	6
4	140	13.9	1
4	160	15.9	1
4	190	18.9	1
4	252	25.1	1
4	282	28.1	4
4	304	30.3	13
4	330	32.9	1
4	360	35.9	9
4	384	38.3	1
4	394	39.3	1
4	422	42.1	4
4	430	42.9	2
4	448	44.7	2
4	564	56.3	6
4	718	71.7	1
4	806	80.5	18
4	886	88.5	2
4	944	94.3	5
4	950	94.9	1
4	1022	102.1	1
4	1104	110.3	14
4	1324	132.3	1
4	1332	133.1	2
4	1482	148.1	4
4	1540	153.9	1
4	1620	161.9	1
4	1704	170.3	34
4	1798	179.7	1
4	1800	179.9	1
4	1862	186.1	1
4	1894	189.3	10
4	1978	197.7	22
4	1982	198.1	2
4	2064	206.3	1
4	2168	216.7	1
4	2230	222.9	8
4	2244	224.3	2
4	2310	230.9	1
4	2424	242.3	1
4	2488	248.7	10
4	2556	255.5	1
4	2606	260.5	4
4	2636	263.5	1
4	2714	271.3	3
4	2736	273.5	1
4	2744	274.3	1
4	2812	281.1	2
4	2904	290.3	1
4	3152	315.1	3
4	3176	317.5	1
4	3214	321.3	10
4	3240	323.9	1
4	3274	327.3	27
4	3298	329.7	1
4	3338	333.7	1
4	3404	340.3	1
4	3458	345.7	1
4	3490	348.9	1
4	3564	356.3	13
4	3566	356.5	1
4	3642	364.1	1
4	3760	375.9	1
4	3864	386.3	1
4	3896	389.5	1
4	4014	401.3	2
4	4088	408.7	15
4	4106	410.5	3
4	4118	411.7	1
4	4134	413.3	1
4	4138	413.7	2
4	4172	417.1	1
4	4174	417.3	1
4	4214	421.3	2
4	4244	424.3	1
4	4390	438.9	3
4	4400	439.9	1
4	4550	454.9	12
4	4582	458.1	2
4	4724	472.3	1
4	4806	480.5	11
4	4848	484.7	1
4	4860	485.9	4
4	4870	486.9	1
4	4964	496.3	8
4	5040	503.9	6
4	5238	523.7	9
4	5248	524.7	2
4	5360	535.9	28
4	5412	541.1	1
4	5424	542.3	2
4	5442	544.1	6
4	5486	548.5	5
4	5534	553.3	39
4	5564	556.3	1
4	5580	557.9	2
4	5744	574.3	6
4	5752	575.1	1
4	5860	585.9	2
4	5924	592.3	13
4	5940	593.9	3
4	5964	596.3	6
4	5990	598.9	1
4	5994	599.3	1
4	6026	602.5	14
4	6038	603.7	6
4	6072	607.1	1
4	6236	623.5	6
4	6272	627.1	1
4	6342	634.1	2
4	6386	638.5	5
4	6476	647.5	1
4	6540	653.9	12
4	6758	675.7	1
4	6778	677.7	2
4	6782	678.1	2
4	6904	690.3	2
4	7034	703.3	4
4	7234	723.3	1
4	7272	727.1	1
4	7294	729.3	5
4	7360	735.9	1
4	7376	737.5	2
4	7428	742.7	12
4	7518	751.7	1
4	7600	759.9	2
4	7638	763.7	16
4	7830	782.9	18
4	7962	796.1	4
4	8048	804.7	8
4	8112	811.1	1
4	8164	816.3	13
4	8168	816.7	1
4	8312	831.1	8
4	8334	833.3	1
4	8482	848.1	1
4	8580	857.9	1
4	8606	860.5	1
4	8666	866.5	4
4	8676	867.5	1
4	8726	872.5	9
4	8746	874.5	1
4	8768	876.7	8
4	8792	879.1	8
4	8878	887.7	2
4	9074	907.3	6
4	9088	908.7	8
4	9108	910.7	1
4	9154	915.3	2
4	9156	915.5	1
4	9166	916.5	2
4	9176	917.5	6
4	9342	934.1	1
4	9360	935.9	8
4	9406	940.5	1
4	9408	940.7	1
4	9420	941.9	1
4	9590	958.9	2
4	9678	967.7	4
4	9742	974.1	1
4	9782	978.1	4
4	9858	985.7	1
4	10056	1005.5	1
4	10186	1018.5	6
4	10252	1025.1	1
4	10286	1028.5	22
4	10308	1030.7	1
4	10336	1033.5	8
4	10532	1053.1	6
4	10540	1053.9	1
4	10586	1058.5	4
4	10618	1061.7	2
4	10642	1064.1	1
4	10664	1066.3	1
4	10720	1071.9	1
4	10778	1077.7	1
4	10800	1079.9	15
4	10808	1080.7	1
4	10814	1081.3	2
4	10922	1092.1	10
4	10968	1096.7	2
4	10978	1097.7	1
4	11100	1109.9	8
4	11196	1119.5	1
4	11298	1129.7	3
4	11326	1132.5	5
4	11412	1141.1	9
4	11524	1152.3	8
4	11612	1161.1	6
4	11618	1161.7	2
4	11632	1163.1	8
4	11738	1173.7	5
4	11794	1179.3	1
4	11848	1184.7	1
4	12068	1206.7	1
4	12134	1213.3	1
4	12142	1214.1	1
4	12168	1216.7	4
4	12250	1224.9	1
4	12256	1225.5	1
4	12274	1227.3	1
4	12290	1228.9	6
4	12310	1230.9	15
4	12340	1233.9	10
4	12356	1235.5	4
4	12372	1237.1	7
4	12388	1238.7	10
4	12438	1243.7	1
4	12516	1251.5	6
4	12576	1257.5	1
4	12612	1261.1	1
4	12652	1265.1	16
4	12664	1266.3	4
4	12714	1271.3	1
4	12866	1286.5	1
4	12916	1291.5	5
4	13004	1300.3	1
4	13060	1305.9	2
4	13136	1313.5	7
4	13198	1319.7	8
4	13466	1346.5	2
4	13490	1348.9	1
4	13526	1352.5	1
4	13608	1360.7	1
4	13730	1372.9	1
4	13824	1382.3	4
4	13842	1384.1	1
4	13956	1395.5	6
4	13988	1398.7	2
4	14032	1403.1	1
4	14146	1414.5	1
4	14160	1415.9	3
4	14246	1424.5	1
4	14248	1424.7	1
4	14266	1426.5	1
4	14352	1435.1	1
4	14360	1435.9	5
4	14366	1436.5	5
4	14368	1436.7	1
4	14390	1438.9	9
4	14406	1440.5	1
4	14446	1444.5	1
4	14516	1451.5	2
4	14718	1471.7	1
4	14748	1474.7	1
4	14818	1481.7	1
4	14842	1484.1	6
4	14896	1489.5	7
4	14914	1491.3	1
4	14940	1493.9	1
4	15016	1501.5	19
4	15092	1509.1	4
4	15202	1520.1	8
4	15356	1535.5	1
4	15370	1536.9	1
4	15372	1537.1	1
4	15378	1537.7	1
4	15390	1538.9	8
4	15398	1539.7	5
4	15418	1541.7	7
4	15436	1543.5	1
4	15540	1553.9	1
4	15618	1561.7	1
4	15638	1563.7	3
4	15648	1564.7	4
4	15686	1568.5	4
4	15704	1570.3	2
4	15716	1571.5	1
4	15768	1576.7	8
4	15814	1581.3	6
4	15854	1585.3	2
4	15918	1591.7	1
4	15970	1596.9	2
4	16000	1599.9	15
4	16106	1610.5	4
4	16138	1613.7	6
4	16192	1619.1	1
4	16208	1620.7	4
4	16322	1632.1	1
4	16328	1632.7	4
4	16342	1634.1	2
4	16388	1638.7	6
4	16434	1643.3	1
4	16460	1645.9	2
4	16494	1649.3	2
4	16546	1654.5	8
4	16568	1656.7	1
4	16682	1668.1	6
4	16696	1669.5	2
4	16800	1679.9	10
4	16838	1683.7	1
4	16862	1686.1	6
4	16928	1692.7	1
4	17092	1709.1	1
4	17106	1710.5	1
4	17140	1713.9	9
4	17178	1717.7	1
4	17200	1719.9	5
4	17280	1727.9	2
4	17410	1740.9	1
4	17428	1742.7	1
4	17460	1745.9	6
4	17520	1751.9	4
4	17590	1758.9	1
4	17670	1766.9	1
4	17722	1772.1	4
4	17818	1781.7	12
4	17932	1793.1	2
4	17976	1797.5	2
4	18000	1799.9	4
4	18032	1803.1	1
4	18064	1806.3	1
4	18102	1810.1	1
4	18246	1824.5	2
4	18290	1828.9	1
4	18314	1831.3	11
4	18402	1840.1	1
4	18440	1843.9	6
4	18478	1847.7	2
4	18494	1849.3	8
4	18506	1850.5	8
4	18560	1855.9	1
4	18592	1859.1	8
4	18600	1859.9	1
4	18678	1867.7	1
4	18734	1873.3	14
4	18970	1896.9	1
4	19074	1907.3	4
4	19178	1917.7	1
4	19256	1925.5	3
4	19360	1935.9	1
4	19374	1937.3	1
4	19404	1940.3	4
4	19406	1940.5	1
4	19454	1945.3	1
4	19502	1950.1	1
4	19578	1957.7	2
4	19700	1969.9	1
4	19716	1971.5	2
4	19724	1972.3	1
4	19756	1975.5	1
4	19776	1977.5	1
4	19798	1979.7	1
4	19844	1984.3	6
4	19988	1998.7	1
4	19992	1999.1	1
4	20010	2000.9	1
4	20076	2007.5	8
4	20132	2013.1	2
4	20266	2026.5	1
4	20298	2029.7	1
4	20394	2039.3	1
4	20412	2041.1	1
4	20504	2050.3	3
4	20598	2059.7	4
4	20642	2064.1	1
4	20660	2065.9	2
4	20672	2067.1	4
4	20684	2068.3	3
4	20894	2089.3	1
4	20906	2090.5	1
4	20940	2093.9	1
4	21022	2102.1	26
4	21030	2102.9	1
4	21108	2110.7	1
4	21234	2123.3	2
4	21302	2130.1	14
4	21380	2137.9	1
4	21382	2138.1	1
4	21410	2140.9	1
4	21418	2141.7	6
4	21618	2161.7	16
4	21758	2175.7	1
4	21852	2185.1	4
4	21874	2187.3	1
4	21914	2191.3	2
4	21988	2198.7	1
4	22140	2213.9	1
4	22196	2219.5	1
4	22258	2225.7	2
4	22270	2226.9	2
4	22308	2230.7	1
4	22378	2237.7	1
4	22380	2237.9	1
4	22458	2245.7	1
4	22568	2256.7	1
4	22684	2268.3	1
4	22730	2272.9	18
4	22766	2276.5	1
4	22850	2284.9	19
4	22994	2299.3	26
4	23010	2300.9	4
4	23058	2305.7	2
4	23100	2309.9	1
4	23154	2315.3	1
4	23178	2317.7	2
4	23198	2319.7	3
4	23228	2322.7	8
4	23230	2322.9	1
4	23250	2324.9	4
4	23332	2333.1	2
4	23336	2333.5	1
4	23414	2341.3	7
4	23430	2342.9	1
4	23444	2344.3	1
4	23516	2351.5	32
4	23566	2356.5	2
4	23600	2359.9	1
4	23660	2365.9	5
4	23678	2367.7	2
4	23728	2372.7	1
4	23750	2374.9	1
4	23768	2376.7	2
4	23788	2378.7	6
4	23826	2382.5	1
4	23886	2388.5	6
4	23904	2390.3	6
4	23930	2392.9	11
4	24004	2400.3	1
4	24166	2416.5	2
4	24260	2425.9	2
4	24264	2426.3	2
4	24284	2428.3	1
4	24296	2429.5	1
4	24464	2446.3	1
4	24470	2446.9	1
4	24576	2457.5	1
4	24642	2464.1	6
4	24658	2465.7	2
4	24828	2482.7	2
4	24840	2483.9	1
4	24894	2489.3	1
4	24958	2495.7	1
4	25064	2506.3	19
4	25072	2507.1	1
4	25132	2513.1	2
4	25140	2513.9	1
4	25154	2515.3	9
4	25380	2537.9	1
4	25424	2542.3	1
4	25442	2544.1	1
4	25526	2552.5	2
4	25534	2553.3	5
4	25564	2556.3	1
4	25580	2557.9	4
4	25676	2567.5	1
4	25814	2581.3	1
4	25868	2586.7	1
4	25900	2589.9	10
4	25918	2591.7	8
4	25976	2597.5	2
4	25978	2597.7	1
4	25984	2598.3	2
4	26012	2601.1	8
4	26040	2603.9	6
4	26158	2615.7	1
4	26220	2621.9	2
4	26242	2624.1	14
4	26322	2632.1	5
4	26454	2645.3	1
4	26464	2646.3	2
4	26472	2647.1	2
4	26474	2647.3	1
4	26476	2647.5	1
4	26556	2655.5	1
4	26562	2656.1	1
4	26598	2659.7	1
4	26630	2662.9	1
4	26644	2664.3	2
4	26866	2686.5	1
4	26898	2689.7	1
4	27004	2700.3	2
4	27016	2701.5	2
4	27092	2709.1	3
4	27102	2710.1	7
4	27178	2717.7	1
4	27226	2722.5	2
4	27244	2724.3	4
4	27258	2725.7	9
4	27266	2726.5	2
4	27316	2731.5	1
4	27334	2733.3	15
4	27508	2750.7	1
4	27576	2757.5	2
4	27646	2764.5	4
4	27662	2766.1	1
4	27688	2768.7	3
4	27690	2768.9	1
4	27722	2772.1	1
4	27746	2774.5	1
4	27758	2775.7	8
4	27786	2778.5	5
4	27940	2793.9	1
4	27974	2797.3	2
4	28020	2801.9	4
4	28118	2811.7	1
4	28148	2814.7	8
4	28172	2817.1	1
4	28176	2817.5	1
4	28222	2822.1	4
4	28314	2831.3	10
4	28342	2834.1	6
4	28360	2835.9	4
4	28382	2838.1	10
4	28434	2843.3	2
4	28490	2848.9	10
4	28546	2854.5	1
4	28610	2860.9	1
4	28696	2869.5	1
4	28752	2875.1	10
4	28878	2887.7	8
4	28882	2888.1	1
4	28982	2898.1	14
4	29014	2901.3	8
4	29016	2901.5	1
4	29052	2905.1	1
4	29126	2912.5	1
4	29138	2913.7	1
4	29158	2915.7	1
4	29244	2924.3	1
4	29314	2931.3	12
4	29326	2932.5	1
4	29376	2937.5	1
4	29448	2944.7	2
4	29474	2947.3	1
4	29570	2956.9	1
4	29586	2958.5	1
4	29660	2965.9	1
4	29736	2973.5	1
4	29942	2994.1	4
4	29962	2996.1	1
4	29994	2999.3	1
4	30178	3017.7	1
4	30206	3020.5	1
4	30242	3024.1	1
4	30284	3028.3	24
4	30324	3032.3	1
4	30412	3041.1	1
4	30478	3047.7	4
4	30536	3053.5	8
4	30624	3062.3	1
4	30682	3068.1	4
4	30702	3070.1	1
4	30714	3071.3	1
4	30746	3074.5	6
4	30784	3078.3	2
4	30834	3083.3	1
4	30866	3086.5	14
4	30910	3090.9	23
4	30958	3095.7	2
4	30968	3096.7	1
4	31134	3113.3	7
4	31136	3113.5	1
4	31156	3115.5	1
4	31172	3117.1	4
4	31350	3134.9	9
4	31448	3144.7	6
4	31602	3160.1	1
4	31758	3175.7	2
4	31820	3181.9	1
4	31846	3184.5	1
4	31884	3188.3	1
4	31892	3189.1	7
4	31932	3193.1	9
4	31950	3194.9	1
4	32042	3204.1	1
4	32106	3210.5	2
4	32122	3212.1	1
4	32292	3229.1	3
4	32444	3244.3	8
4	32560	3255.9	1
4	32572	3257.1	2
4	32612	3261.1	4
4	32614	3261.3	1
4	32628	3262.7	6
4	32670	3266.9	1
4	32672	3267.1	1
4	32752	3275.1	1
4	32834	3283.3	1
4	32868	3286.7	2
4	32964	3296.3	10
4	33108	3310.7	1
4	33144	3314.3	23
4	33200	3319.9	4
4	33328	3332.7	1
4	33406	3340.5	1
4	33426	3342.5	4
4	33466	3346.5	14
4	33514	3351.3	1
4	33566	3356.5	4
4	33598	3359.7	1
4	33698	3369.7	1
4	33700	3369.9	1
4	33724	3372.3	6
4	33828	3382.7	2
4	33896	3389.5	1
4	33982	3398.1	1
4	34100	3409.9	11
4	34132	3413.1	2
4	34152	3415.1	4
4	34258	3425.7	16
4	34442	3444.1	1
4	34528	3452.7	1
4	34542	3454.1	2
4	34574	3457.3	3
4	34576	3457.5	1
4	34612	3461.1	1
4	34672	3467.1	1
4	34688	3468.7	1
4	34714	3471.3	1
4	34776	3477.5	2
4	34836	3483.5	1
4	34914	3491.3	1
4	34952	3495.1	3
4	34982	3498.1	20
4	35034	3503.3	18
4	35042	3504.1	4
4	35078	3507.7	1
4	35080	3507.9	1
4	35120	3511.9	1
4	35174	3517.3	10
4	35192	3519.1	7
4	35224	3522.3	1
4	35262	3526.1	6
4	35284	3528.3	5
4	35330	3532.9	3
4	35344	3534.3	1
4	35390	3538.9	2
4	35548	3554.7	15
4	35668	3566.7	1
4	35680	3567.9	1
4	35706	3570.5	2
4	35724	3572.3	1
4	35752	3575.1	3
4	35862	3586.1	4
4	35876	3587.5	1
4	35910	3590.9	1
4	35942	3594.1	2
4	35996	3599.5	1
4	36078	3607.7	1
4	36092	3609.1	7
4	36096	3609.5	1
4	36120	3611.9	6
4	36318	3631.7	1
4	36382	3638.1	1
4	36392	3639.1	1
4	36590	3658.9	1
4	36694	3669.3	1
4	36714	3671.3	2
4	36734	3673.3	13
4	36798	3679.7	2
4	36828	3682.7	11
4	36842	3684.1	1
4	36918	3691.7	1
4	36934	3693.3	1
4	36962	3696.1	1
4	37018	3701.7	1
4	37138	3713.7	1
4	37224	3722.3	2
4	37370	3736.9	14
4	37376	3737.5	5
4	37466	3746.5	1
4	37518	3751.7	1
4	37608	3760.7	3
4	37678	3767.7	2
4	37784	3778.3	1
4	37844	3784.3	2
4	37932	3793.1	1
4	38038	3803.7	1
4	38046	3804.5	3
4	38238	3823.7	7
4	38286	3828.5	3
4	38310	3830.9	21
4	38352	3835.1	1
4	38360	3835.9	2
4	38398	3839.7	2
4	38416	3841.5	5
4	38468	3846.7	10
4	38512	3851.1	1
4	38554	3855.3	4
4	38590	3858.9	1
4	38644	3864.3	2
4	38756	3875.5	4
4	38788	3878.7	7
4	38900	3889.9	18
4	38930	3892.9	1
4	38952	3895.1	3
4	39002	3900.1	10
4	39064	3906.3	1
4	39100	3909.9	4
4	39156	3915.5	16
4	39306	3930.5	5
4	39382	3938.1	8
4	39432	3943.1	2
4	39658	3965.7	10
4	39754	3975.3	14
4	39818	3981.7	1
4	39972	3997.1	1
4	40046	4004.5	2
4	40062	4006.1	6
4	40092	4009.1	1
4	40194	4019.3	9
4	40244	4024.3	32
4	40530	4052.9	1
4	40556	4055.5	8
4	40574	4057.3	5
4	40634	4063.3	4
4	40642	4064.1	5
4	40656	4065.5	9
4	40698	4069.7	1
4	40756	4075.5	1
4	40904	4090.3	1
4	40920	4091.9	2
4	40934	4093.3	11
4	41092	4109.1	16
4	41222	4122.1	3
4	41368	4136.7	2
4	41454	4145.3	1
4	41554	4155.3	10
4	41684	4168.3	1
4	41778	4177.7	1
4	41810	4180.9	1
4	41998	4199.7	11
4	42028	4202.7	12
4	42044	4204.3	1
4	42126	4212.5	2
4	42128	4212.7	1
4	42198	4219.7	1
4	42248	4224.7	1
4	42300	4229.9	1
4	42322	4232.1	1
4	42348	4234.7	3
4	42434	4243.3	1
4	42444	4244.3	1
4	42590	4258.9	1
4	42620	4261.9	5
4	42636	4263.5	12
4	42760	4275.9	1
4	42858	4285.7	4
4	42902	4290.1	1
4	42976	4297.5	1
4	43010	4300.9	1
4	43070	4306.9	2
4	43124	4312.3	2
4	43156	4315.5	1
4	43176	4317.5	1
4	43190	4318.9	6
4	43316	4331.5	6
4	43430	4342.9	2
4	43480	4347.9	10
4	43648	4364.7	8
4	43860	4385.9	1
4	43966	4396.5	1
4	43980	4397.9	1
4	43984	4398.3	1
4	44024	4402.3	14
4	44050	4404.9	1
4	44070	4406.9	1
4	44274	4427.3	5
4	44306	4430.5	2
4	44330	4432.9	1
4	44376	4437.5	2
4	44416	4441.5	1
4	44480	4447.9	6
4	44558	4455.7	1
4	44564	4456.3	1
4	44710	4470.9	6
4	44722	4472.1	11
4	44756	4475.5	8
4	44776	4477.5	1
4	44876	4487.5	3
4	44884	4488.3	5
4	44944	4494.3	4
4	44958	4495.7	1
4	44988	4498.7	6
4	45032	4503.1	5
4	45138	4513.7	12
4	45254	4525.3	1
4	45308	4530.7	2
4	45398	4539.7	11
4	45426	4542.5	1
4	45466	4546.5	4
4	45484	4548.3	8
4	45490	4548.9	3
4	45504	4550.3	4
4	45506	4550.5	1
4	45534	4553.3	1
4	45636	4563.5	1
4	45702	4570.1	1
4	45744	4574.3	1
4	45764	4576.3	6
4	45810	4580.9	13
4	45888	4588.7	9
4	45938	4593.7	8
4	45944	4594.3	1
4	45964	4596.3	2
4	45968	4596.7	1
4	46064	4606.3	4
4	46090	4608.9	6
4	46158	4615.7	1
4	46182	4618.1	1
4	46208	4620.7	1
4	46388	4638.7	10
4	46410	4640.9	4
4	46472	4647.1	8
4	46490	4648.9	10
4	46546	4654.5	3
4	46558	4655.7	1
4	46680	4667.9	15
4	46718	4671.7	8
4	46782	4678.1	12
4	46866	4686.5	1
4	46886	4688.5	1
4	46978	4697.7	1
4	46996	4699.5	1
4	47016	4701.5	2
4	47046	4704.5	16
4	47084	4708.3	1
4	47090	4708.9	1
4	47118	4711.7	5
4	47124	4712.3	2
4	47228	4722.7	1
4	47364	4736.3	8
4	47396	4739.5	1
4	47402	4740.1	3
4	47454	4745.3	2
4	47484	4748.3	1
4	47578	4757.7	1
4	47590	4758.9	2
4	47594	4759.3	2
4	47660	4765.9	1
4	47720	4771.9	8
4	47754	4775.3	1
4	47756	4775.5	1
4	47796	4779.5	1
4	47838	4783.7	1
4	47876	4787.5	4
4	47888	4788.7	1
4	47892	4789.1	1
4	47974	4797.3	1
4	47980	4797.9	4
4	48002	4800.1	1
4	48060	4805.9	2
4	48114	4811.3	1
4	48334	4833.3	8
4	48372	4837.1	2
4	48536	4853.5	24
4	48622	4862.1	10
4	48722	4872.1	4
4	48736	4873.5	10
4	48770	4876.9	1
4	48790	4878.9	2
4	48800	4879.9	1
4	48806	4880.5	1
4	48848	4884.7	1
4	48858	4885.7	1
4	48870	4886.9	1
4	48940	4893.9	1
4	48978	4897.7	2
4	48992	4899.1	1
4	49046	4904.5	12
4	49060	4905.9	2
4	49086	4908.5	6
4	49088	4908.7	1
4	49128	4912.7	3
4	49152	4915.1	1
4	49154	4915.3	1
4	49218	4921.7	1
4	49390	4938.9	3
4	49400	4939.9	1
4	49454	4945.3	16
4	49588	4958.7	7
4	49620	4961.9	6
4	49736	4973.5	6
4	49750	4974.9	5
4	49762	4976.1	1
4	49782	4978.1	1
4	50262	5026.1	2
4	50272	5027.1	1
4	50298	5029.7	10
4	50310	5030.9	1
4	50316	5031.5	1
4	50444	5044.3	1
4	50454	5045.3	1
4	50512	5051.1	1
4	50516	5051.5	1
4	50572	5057.1	1
4	50596	5059.5	2
4	50616	5061.5	6
4	50690	5068.9	2
4	50730	5072.9	1
4	50780	5077.9	1
4	50800	5079.9	3
4	50802	5080.1	1
4	50830	5082.9	2
4	50868	5086.7	1
4	50930	5092.9	1
4	50956	5095.5	9
4	50970	5096.9	6
4	50976	5097.5	4
4	50982	5098.1	4
4	51080	5107.9	1
4	51212	5121.1	6
4	51264	5126.3	4
4	51276	5127.5	5
4	51454	5145.3	1
4	51474	5147.3	1
4	51498	5149.7	1
4	51504	5150.3	1
4	51606	5160.5	1
4	51628	5162.7	1
4	51682	5168.1	4
4	51700	5169.9	8
4	51710	5170.9	2
4	52020	5201.9	1
4	52068	5206.7	1
5	145	14.4	4
5	203	20.2	13
5	249	24.8	13
5	343	34.2	6
5	549	54.8	11
5	565	56.4	1
5	683	68.2	2
5	781	78	8
5	905	90.4	17
5	937	93.6	5
5	979	97.8	15
5	1021	102	21
5	1071	107	49
5	1305	130.4	2
5	1323	132.2	7
5	1367	136.6	35
5	1391	139	18
5	1429	142.8	13
5	1509	150.8	14
5	1539	153.8	13
5	1567	156.6	12
5	1613	161.2	26
5	1635	163.4	6
5	1777	177.6	43
5	1799	179.8	1
5	1931	193	7
5	1983	198.2	1
5	2021	202	23
5	2063	206.2	2
5	2339	233.8	29
5	2367	236.6	14
5	2377	237.6	4
5	2399	239.8	11
5	2585	258.4	19
5	2635	263.4	21
5	2707	270.6	23
5	2735	273.4	17
5	2751	275	7
5	2781	278	4
5	2829	282.8	2
5	2835	283.4	4
5	2855	285.4	4
5	2929	292.8	16
5	3007	300.6	3
5	3115	311.4	38
5	3147	314.6	3
5	3239	323.8	4
5	3295	329.4	10
5	3353	335.2	15
5	3457	345.6	17
5	3533	353.2	5
5	3565	356.4	1
5	3573	357.2	6
5	3641	364	34
5	3759	375.8	3
5	3797	379.6	25
5	3867	386.6	3
5	3895	389.4	11
5	3909	390.8	12
5	3923	392.2	9
5	3937	393.6	9
5	3993	399.2	35
5	4171	417	20
5	4215	421.4	1
5	4239	423.8	16
5	4269	426.8	11
5	4399	439.8	5
5	4463	446.2	3
5	4517	451.6	7
5	4551	455	1
5	4597	459.6	11
5	4723	472.2	19
5	4731	473	6
5	4845	484.4	39
5	4869	486.8	9
5	4907	490.6	19
5	5079	507.8	6
5	5179	517.8	17
5	5315	531.4	37
5	5361	536	1
5	5395	539.4	2
5	5487	548.6	1
5	5581	558	1
5	5641	564	16
5	5687	568.6	9
5	5729	572.8	15
5	5941	594	1
5	5969	596.8	5
5	5987	598.6	7
5	5993	599.2	3
5	6113	611.2	2
5	6141	614	4
5	6271	627	3
5	6285	628.4	12
5	6319	631.8	27
5	6371	637	11
5	6429	642.8	30
5	6475	647.4	19
5	6613	661.2	6
5	6653	665.2	19
5	6679	667.8	10
5	6757	675.6	13
5	6835	683.4	18
5	6895	689.4	20
5	6949	694.8	10
5	7097	709.6	6
5	7207	720.6	27
5	7271	727	16
5	7297	729.6	3
5	7407	740.6	31
5	7489	748.8	5
5	7517	751.6	4
5	7531	753	3
5	7561	756	2
5	7729	772.8	9
5	7757	775.6	5
5	7899	789.8	12
5	8139	813.8	27
5	8167	816.6	3
5	8265	826.4	16
5	8333	833.2	15
5	8413	841.2	11
5	8481	848	6
5	8487	848.6	5
5	8527	852.6	4
5	8549	854.8	7
5	8579	857.8	5
5	8605	860.4	25
5	8611	861	5
5	8631	863	3
5	8649	864.8	10
5	8675	867.4	8
5	8915	891.4	13
5	9075	907.4	1
5	9113	911.2	5
5	9141	914	20
5	9227	922.6	21
5	9257	925.6	19
5	9293	929.2	28
5	9329	932.8	17
5	9361	936	1
5	9407	940.6	1
5	9433	943.2	13
5	9473	947.2	15
5	9507	950.6	21
5	9581	958	14
5	9615	961.4	11
5	9741	974	9
5	9775	977.4	21
5	9791	979	9
5	9939	993.8	4
5	9989	998.8	48
5	10009	1000.8	8
5	10027	1002.6	6
5	10137	1013.6	11
5	10153	1015.2	13
5	10199	1019.8	5
5	10245	1024.4	9
5	10307	1030.6	21
5	10349	1034.8	10
5	10361	1036	8
5	10367	1036.6	2
5	10539	1053.8	2
5	10579	1057.8	17
5	10673	1067.2	5
5	10709	1070.8	15
5	10719	1071.8	5
5	10777	1077.6	9
5	10807	1080.6	3
5	10941	1094	16
5	10977	1097.6	9
5	10985	1098.4	2
5	11081	1108	16
5	11107	1110.6	7
5	11125	1112.4	5
5	11195	1119.4	15
5	11225	1122.4	9
5	11237	1123.6	5
5	11279	1127.8	36
5	11327	1132.6	1
5	11361	1136	16
5	11497	1149.6	3
5	11599	1159.8	19
5	11651	1165	19
5	11717	1171.6	8
5	11767	1176.6	19
5	11811	1181	17
5	11847	1184.6	34
5	12015	1201.4	39
5	12129	1212.8	5
5	12249	1224.8	33
5	12255	1225.4	5
5	12273	1227.2	7
5	12361	1236	5
5	12395	1239.4	2
5	12399	1239.8	2
5	12437	1243.6	4
5	12479	1247.8	4
5	12493	1249.2	2
5	12575	1257.4	12
5	12611	1261	29
5	12701	1270	25
5	12787	1278.6	20
5	12817	1281.6	5
5	12867	1286.6	1
5	12877	1287.6	3
5	12937	1293.6	2
5	12995	1299.4	29
5	13045	1304.4	4
5	13103	1310.2	19
5	13183	1318.2	8
5	13217	1321.6	9
5	13309	1330.8	11
5	13333	1333.2	11
5	13429	1342.8	2
5	13433	1343.2	2
5	13479	1347.8	2
5	13489	1348.8	6
5	13517	1351.6	15
5	13573	1357.2	7
5	13607	1360.6	4
5	13807	1380.6	25
5	13825	1382.4	1
5	13877	1387.6	21
5	13893	1389.2	7
5	13917	1391.6	15
5	14031	1403	19
5	14093	1409.2	22
5	14245	1424.4	17
5	14247	1424.6	1
5	14265	1426.4	7
5	14377	1437.6	5
5	14405	1440.4	3
5	14475	1447.4	4
5	14501	1450	17
5	14653	1465.2	4
5	14673	1467.2	3
5	14709	1470.8	2
5	14727	1472.6	5
5	14817	1481.6	28
5	14885	1488.4	13
5	14913	1491.2	15
5	15067	1506.6	34
5	15129	1512.8	19
5	15153	1515.2	15
5	15169	1516.8	12
5	15215	1521.4	6
5	15249	1524.8	25
5	15323	1532.2	23
5	15391	1539	1
5	15461	1546	24
5	15481	1548	10
5	15687	1568.6	1
5	15715	1571.4	7
5	15731	1573	14
5	15801	1580	29
5	15819	1581.8	2
5	15869	1586.8	15
5	15915	1591.4	9
5	15925	1592.4	4
5	16093	1609.2	2
5	16163	1616.2	9
5	16191	1619	15
5	16297	1629.6	25
5	16321	1632	14
5	16365	1636.4	13
5	16379	1637.8	2
5	16433	1643.2	37
5	16487	1648.6	2
5	16567	1656.6	2
5	16585	1658.4	16
5	16621	1662	30
5	16769	1676.8	14
5	16927	1692.6	33
5	16973	1697.2	9
5	16997	1699.6	13
5	17023	1702.2	2
5	17089	1708.8	30
5	17105	1710.4	6
5	17129	1712.8	23
5	17141	1714	1
5	17177	1717.6	2
5	17191	1719	13
5	17201	1720	1
5	17215	1721.4	3
5	17351	1735	3
5	17393	1739.2	13
5	17409	1740.8	11
5	17417	1741.6	5
5	17427	1742.6	7
5	17511	1751	3
5	17543	1754.2	23
5	17551	1755	2
5	17569	1756.8	5
5	17669	1766.8	32
5	17697	1769.6	10
5	17703	1770.2	3
5	17769	1776.8	33
5	17779	1777.8	7
5	18027	1802.6	5
5	18063	1806.2	4
5	18147	1814.6	13
5	18167	1816.6	3
5	18203	1820.2	18
5	18249	1824.8	3
5	18293	1829.2	2
5	18341	1834	19
5	18357	1835.6	6
5	18401	1840	29
5	18479	1847.8	1
5	18531	1853	17
5	18593	1859.2	1
5	18599	1859.8	3
5	18677	1867.6	23
5	18707	1870.6	15
5	18789	1878.8	52
5	18817	1881.6	6
5	18909	1890.8	13
5	18969	1896.8	17
5	19039	1903.8	15
5	19061	1906	9
5	19117	1911.6	43
5	19209	1920.8	14
5	19217	1921.6	3
5	19257	1925.6	1
5	19285	1928.4	5
5	19373	1937.2	8
5	19405	1940.4	1
5	19425	1942.4	19
5	19501	1950	18
5	19701	1970	1
5	19755	1975.4	11
5	19903	1990.2	18
5	19987	1998.6	31
5	20007	2000.6	7
5	20061	2006	19
5	20091	2009	15
5	20159	2015.8	14
5	20195	2019.4	2
5	20265	2026.4	9
5	20297	2029.6	31
5	20313	2031.2	11
5	20337	2033.6	3
5	20355	2035.4	6
5	20381	2038	15
5	20411	2041	6
5	20433	2043.2	13
5	20441	2044	4
5	20603	2060.2	2
5	20675	2067.4	3
5	20695	2069.4	11
5	20751	2075	15
5	20791	2079	4
5	20893	2089.2	7
5	20905	2090.4	11
5	20927	2092.6	21
5	20989	2098.8	38
5	21055	2105.4	5
5	21107	2110.6	2
5	21363	2136.2	15
5	21379	2137.8	11
5	21453	2145.2	4
5	21525	2152.4	2
5	21547	2154.6	8
5	21599	2159.8	13
5	21673	2167.2	15
5	21683	2168.2	3
5	21705	2170.4	16
5	21725	2172.4	5
5	21747	2174.6	13
5	21757	2175.6	8
5	21853	2185.2	1
5	21873	2187.2	18
5	21953	2195.2	5
5	22139	2213.8	25
5	22195	2219.4	37
5	22303	2230.2	12
5	22377	2237.6	7
5	22379	2237.8	1
5	22383	2238.2	3
5	22421	2242	32
5	22457	2245.6	17
5	22479	2247.8	4
5	22491	2249	2
5	22559	2255.8	24
5	22597	2259.6	23
5	22607	2260.6	5
5	22625	2262.4	9
5	22765	2276.4	9
5	22823	2282.2	12
5	22877	2287.6	2
5	22937	2293.6	2
5	22961	2296	15
5	23099	2309.8	2
5	23109	2310.8	5
5	23153	2315.2	9
5	23189	2318.8	11
5	23239	2323.8	6
5	23283	2328.2	8
5	23323	2332.2	16
5	23429	2342.8	9
5	23457	2345.6	6
5	23539	2353.8	7
5	23553	2355.2	2
5	23653	2365.2	7
5	23679	2367.8	1
5	23721	2372	2
5	23865	2386.4	15
5	24003	2400.2	4
5	24067	2406.6	49
5	24105	2410.4	4
5	24125	2412.4	7
5	24175	2417.4	5
5	24271	2427	7
5	24295	2429.4	11
5	24375	2437.4	7
5	24399	2439.8	13
5	24445	2444.4	7
5	24469	2446.8	5
5	24545	2454.4	13
5	24575	2457.4	4
5	24653	2465.2	2
5	24707	2470.6	2
5	24785	2478.4	25
5	24893	2489.2	41
5	24907	2490.6	5
5	25019	2501.8	10
5	25095	2509.4	19
5	25119	2511.8	5
5	25247	2524.6	29
5	25281	2528	21
5	25309	2530.8	7
5	25317	2531.6	5
5	25379	2537.8	17
5	25407	2540.6	17
5	25423	2542.2	11
5	25441	2544	11
5	25499	2549.8	17
5	25543	2554.2	9
5	25565	2556.4	1
5	25593	2559.2	11
5	25699	2569.8	17
5	25807	2580.6	18
5	25833	2583.2	15
5	25901	2590	1
5	25927	2592.6	3
5	25977	2597.6	1
5	25991	2599	7
5	26107	2610.6	9
5	26157	2615.6	28
5	26211	2621	44
5	26263	2626.2	11
5	26275	2627.4	8
5	26429	2642.8	11
5	26453	2645.2	18
5	26473	2647.2	1
5	26475	2647.4	1
5	26555	2655.4	39
5	26561	2656	3
5	26563	2656.2	1
5	26629	2662.8	6
5	26795	2679.4	11
5	26847	2684.6	19
5	26865	2686.4	15
5	26897	2689.6	12
5	26985	2698.4	2
5	27069	2706.8	7
5	27177	2717.6	40
5	27181	2718	3
5	27261	2726	3
5	27315	2731.4	7
5	27317	2731.6	1
5	27551	2755	10
5	27661	2766	2
5	27703	2770.2	13
5	27735	2773.4	2
5	27775	2777.4	11
5	27803	2780.2	17
5	27819	2781.8	4
5	27835	2783.4	9
5	27849	2784.8	4
5	28035	2803.4	5
5	28091	2809	5
5	28171	2817	12
5	28197	2819.6	21
5	28223	2822.2	1
5	28501	2850	5
5	28513	2851.2	10
5	28609	2860.8	63
5	28625	2862.4	3
5	28787	2878.6	14
5	28845	2884.4	21
5	28859	2885.8	2
5	28881	2888	3
5	28949	2894.8	51
5	28991	2899	9
5	29015	2901.4	1
5	29035	2903.4	19
5	29051	2905	2
5	29137	2913.6	11
5	29151	2915	12
5	29183	2918.2	24
5	29221	2922	13
5	29243	2924.2	4
5	29245	2924.4	1
5	29277	2927.6	15
5	29325	2932.4	3
5	29347	2934.6	21
5	29411	2941	14
5	29473	2947.2	16
5	29475	2947.4	1
5	29537	2953.6	4
5	29585	2958.4	2
5	29659	2965.8	15
5	29957	2995.6	7
5	29993	2999.2	7
5	30029	3002.8	21
5	30135	3013.4	96
5	30205	3020.4	27
5	30219	3021.8	7
5	30305	3030.4	16
5	30323	3032.2	11
5	30341	3034	5
5	30425	3042.4	9
5	30453	3045.2	19
5	30543	3054.2	7
5	30609	3060.8	28
5	30623	3062.2	6
5	30661	3066	37
5	30703	3070.2	1
5	30715	3071.4	1
5	30823	3082.2	4
5	30967	3096.6	5
5	31079	3107.8	15
5	31135	3113.4	1
5	31147	3114.6	7
5	31217	3121.6	25
5	31291	3129	8
5	31321	3132	15
5	31365	3136.4	14
5	31439	3143.8	17
5	31449	3144.8	1
5	31527	3152.6	3
5	31601	3160	17
5	31781	3178	15
5	31893	3189.2	1
5	31919	3191.8	23
5	31949	3194.8	10
5	32041	3204	57
5	32075	3207.4	3
5	32153	3215.2	9
5	32211	3221	5
5	32241	3224	9
5	32287	3228.6	13
5	32309	3230.8	11
5	32603	3260.2	9
5	32639	3263.8	5
5	32671	3267	1
5	32721	3272	41
5	32751	3275	6
5	32819	3281.8	25
5	32833	3283.2	5
5	32841	3284	7
5	32945	3294.4	57
5	33107	3310.6	25
5	33183	3318.2	21
5	33239	3323.8	4
5	33273	3327.2	26
5	33313	3331.2	32
5	33379	3337.8	38
5	33501	3350	8
5	33507	3350.6	2
5	33567	3356.6	1
5	33623	3362.2	25
5	33659	3365.8	14
5	33697	3369.6	19
5	33703	3370.2	3
5	33725	3372.4	1
5	33757	3375.6	9
5	33817	3381.6	3
5	33851	3385	5
5	33931	3393	23
5	33961	3396	6
5	34029	3402.8	38
5	34073	3407.2	3
5	34083	3408.2	6
5	34121	3412	19
5	34175	3417.4	23
5	34197	3419.6	3
5	34347	3434.6	17
5	34385	3438.4	12
5	34495	3449.4	22
5	34533	3453.2	5
5	34575	3457.4	1
5	34617	3461.6	5
5	34671	3467	16
5	34687	3468.6	12
5	34689	3468.8	1
5	34693	3469.2	2
5	34709	3470.8	10
5	34739	3473.8	8
5	34759	3475.8	11
5	34801	3480	25
5	34821	3482	11
5	34835	3483.4	5
5	34891	3489	4
5	34913	3491.2	14
5	34987	3498.6	2
5	35045	3504.4	3
5	35077	3507.6	18
5	35223	3522.2	8
5	35243	3524.2	11
5	35271	3527	9
5	35431	3543	41
5	35451	3545	5
5	35475	3547.4	16
5	35531	3553	18
5	35563	3556.2	15
5	35679	3567.8	11
5	35719	3571.8	13
5	35729	3572.8	2
5	35791	3579	6
5	35867	3586.6	3
5	36035	3603.4	17
5	36075	3607.4	15
5	36095	3609.4	3
5	36105	3610.4	7
5	36197	3619.6	12
5	36243	3624.2	2
5	36269	3626.8	11
5	36317	3631.6	15
5	36339	3633.8	20
5	36391	3639	2
5	36421	3642	2
5	36469	3646.8	6
5	36487	3648.6	12
5	36557	3655.6	16
5	36625	3662.4	35
5	36719	3671.8	5
5	36787	3678.6	19
5	36829	3682.8	1
5	36841	3684	4
5	36917	3691.6	2
5	36933	3693.2	10
5	36935	3693.4	1
5	36961	3696	13
5	37017	3701.6	39
5	37039	3703.8	10
5	37141	3714	3
5	37153	3715.2	9
5	37245	3724.4	21
5	37283	3728.2	20
5	37317	3731.6	4
5	37377	3737.6	1
5	37411	3741	3
5	37467	3746.6	1
5	37515	3751.4	15
5	37531	3753	3
5	37593	3759.2	2
5	37609	3760.8	1
5	37625	3762.4	3
5	37745	3774.4	6
5	37835	3783.4	16
5	37927	3792.6	2
5	37979	3797.8	33
5	38041	3804	2
5	38047	3804.6	1
5	38079	3807.8	3
5	38099	3809.8	15
5	38155	3815.4	20
5	38223	3822.2	9
5	38335	3833.4	20
5	38351	3835	5
5	38399	3839.8	1
5	38511	3851	43
5	38513	3851.2	1
5	38541	3854	5
5	38585	3858.4	24
5	38617	3861.6	3
5	38727	3872.6	6
5	38773	3877.2	9
5	38827	3882.6	6
5	38859	3885.8	16
5	38929	3892.8	14
5	38943	3894.2	6
5	39071	3907	4
5	39221	3922	32
5	39267	3926.6	17
5	39309	3930.8	3
5	39443	3944.2	11
5	39477	3947.6	15
5	39585	3958.4	34
5	39687	3968.6	11
5	39717	3971.6	25
5	39853	3985.2	35
5	39961	3996	5
5	40013	4001.2	19
5	40075	4007.4	3
5	40251	4025	7
5	40327	4032.6	29
5	40343	4034.2	6
5	40369	4036.8	13
5	40413	4041.2	7
5	40477	4047.6	3
5	40539	4053.8	2
5	40593	4059.2	19
5	40601	4060	2
5	40623	4062.2	7
5	40749	4074.8	34
5	40841	4084	2
5	40891	4089	4
5	41029	4102.8	5
5	41039	4103.8	8
5	41093	4109.2	1
5	41179	4117.8	23
5	41203	4120.2	11
5	41207	4120.6	2
5	41281	4128	51
5	41331	4133	7
5	41437	4143.6	38
5	41455	4145.4	1
5	41513	4151.2	7
5	41567	4156.6	13
5	41711	4171	20
5	41743	4174.2	23
5	41809	4180.8	2
5	41859	4185.8	20
5	41959	4195.8	90
5	42001	4200	3
5	42043	4204.2	14
5	42111	4211	9
5	42127	4212.6	1
5	42197	4219.6	45
5	42247	4224.6	2
5	42321	4232	7
5	42375	4237.4	11
5	42391	4239	4
5	42433	4243.2	10
5	42471	4247	4
5	42515	4251.4	28
5	42589	4258.8	26
5	42705	4270.4	35
5	42759	4275.8	19
5	42813	4281.2	24
5	42875	4287.4	17
5	42901	4290	6
5	42975	4297.4	73
5	43057	4305.6	46
5	43135	4313.4	6
5	43155	4315.4	2
5	43171	4317	15
5	43237	4323.6	9
5	43365	4336.4	31
5	43411	4341	27
5	43421	4342	4
5	43551	4355	5
5	43573	4357.2	5
5	43649	4364.8	1
5	43885	4388.4	17
5	43917	4391.6	6
5	43937	4393.6	18
5	43965	4396.4	2
5	43979	4397.8	2
5	43983	4398.2	3
5	44039	4403.8	15
5	44069	4406.8	5
5	44203	4420.2	25
5	44247	4424.6	3
5	44307	4430.6	1
5	44483	4448.2	2
5	44501	4450	7
5	44557	4455.6	23
5	44573	4457.2	3
5	44609	4460.8	5
5	44649	4464.8	13
5	44685	4468.4	4
5	44741	4474	18
5	44775	4477.4	19
5	44815	4481.4	19
5	44855	4485.4	6
5	44937	4493.6	28
5	45065	4506.4	7
5	45101	4510	2
5	45123	4512.2	20
5	45157	4515.6	19
5	45253	4525.2	11
5	45273	4527.2	11
5	45361	4536	21
5	45385	4538.4	2
5	45425	4542.4	27
5	45443	4544.2	17
5	45459	4545.8	10
5	45533	4553.2	17
5	45635	4563.4	23
5	45645	4564.4	9
5	45701	4570	19
5	45705	4570.4	2
5	45743	4574.2	5
5	45749	4574.8	5
5	45765	4576.4	1
5	45811	4581	1
5	45851	4585	5
5	45967	4596.6	3
5	45969	4596.8	1
5	46091	4609	1
5	46129	4612.8	33
5	46147	4614.6	7
5	46179	4617.8	16
5	46255	4625.4	42
5	46335	4633.4	40
5	46443	4644.2	13
5	46557	4655.6	11
5	46591	4659	11
5	46681	4668	1
5	46737	4673.6	10
5	46793	4679.2	10
5	46861	4686	3
5	46883	4688.2	17
5	46941	4694	36
5	46969	4696.8	2
5	46977	4697.6	4
5	46995	4699.4	15
5	47147	4714.6	16
5	47261	4726	8
5	47489	4748.8	5
5	47515	4751.4	17
5	47577	4757.6	11
5	47579	4757.8	1
5	47663	4766.2	3
5	47755	4775.4	1
5	47771	4777	11
5	47861	4786	5
5	47893	4789.2	1
5	47945	4794.4	8
5	48001	4800	21
5	48023	4802.2	21
5	48083	4808.2	5
5	48123	4812.2	9
5	48157	4815.6	5
5	48191	4819	31
5	48263	4826.2	29
5	48307	4830.6	8
5	48337	4833.6	3
5	48393	4839.2	5
5	48427	4842.6	10
5	48505	4850.4	4
5	48597	4859.6	3
5	48769	4876.8	33
5	48779	4877.8	3
5	48835	4883.4	9
5	48847	4884.6	4
5	48897	4889.6	24
5	48991	4899	13
5	49019	4901.8	19
5	49063	4906.2	3
5	49115	4911.4	27
5	49153	4915.2	1
5	49187	4918.6	3
5	49217	4921.6	2
5	49221	4922	3
5	49353	4935.2	38
5	49371	4937	14
5	49487	4948.6	2
5	49513	4951.2	3
5	49561	4956	15
5	49611	4961	13
5	49645	4964.4	19
5	49701	4970	15
5	49759	4975.8	9
5	49829	4982.8	9
5	49957	4995.6	25
5	49985	4998.4	15
5	50033	5003.2	14
5	50067	5006.6	5
5	50153	5015.2	25
5	50165	5016.4	9
5	50225	5022.4	8
5	50231	5023	2
5	50271	5027	5
5	50311	5031	1
5	50399	5039.8	25
5	50423	5042.2	22
5	50453	5045.2	4
5	50477	5047.6	2
5	50507	5050.6	9
5	50515	5051.4	3
5	50571	5057	4
5	50583	5058.2	3
5	50645	5064.4	4
5	50693	5069.2	3
5	50729	5072.8	3
5	50803	5080.2	1
5	50845	5084.4	7
5	50943	5094.2	4
5	51083	5108.2	3
5	51165	5116.4	15
5	51233	5123.2	5
5	51285	5128.4	5
5	51301	5130	9
5	51311	5131	6
5	51349	5134.8	7
5	51429	5142.8	9
5	51499	5149.8	1
5	51605	5160.4	19
5	51627	5162.6	21
5	51661	5166	4
5	51751	5175	17
5	51779	5177.8	19
5	51825	5182.4	7
5	51897	5189.6	3
5	51921	5192	7
5	52049	5204.8	4
5	52097	5209.6	26
0	52208	5220.7	19
0	52326	5232.5	19
0	52418	5241.7	22
0	52458	5245.7	7
0	52470	5246.9	11
0	52502	5250.1	7
0	52552	5255.1	2
0	52638	5263.7	17
0	52686	5268.5	12
0	52764	5276.3	9
0	52864	5286.3	7
1	52189	5218.8	4
1	52211	5221	3
1	52345	5234.4	17
1	52381	5238	28
1	52439	5243.8	2
1	52475	5247.4	5
1	52519	5251.8	1
1	52621	5262	14
1	52655	5265.4	17
1	52663	5266.2	4
1	52701	5270	5
1	52755	5275.4	29
1	52779	5277.8	15
1	52857	5285.6	4
2	52138	5213.7	19
2	52152	5215.1	12
2	52256	5225.5	5
2	52328	5232.7	2
2	52396	5239.5	7
2	52420	5241.9	2
2	52480	5247.9	5
2	52522	5252.1	2
2	52550	5254.9	8
2	52674	5267.3	9
2	52696	5269.5	10
2	52800	5279.9	21
2	52834	5283.3	15
2	52876	5287.5	5
3	52119	5211.8	22
3	52259	5225.8	1
3	52307	5230.6	4
3	52353	5235.2	2
3	52451	5245	2
3	52459	5245.8	1
3	52553	5255.2	1
3	52725	5272.4	24
3	52819	5281.8	10
4	52140	5213.9	2
4	52212	5221.1	1
4	52258	5225.7	2
4	52518	5251.7	16
4	52520	5251.9	1
4	52542	5254.1	20
4	52656	5265.5	1
4	52726	5272.5	1
5	52185	5218.4	33
5	52251	5225	39
5	52303	5230.2	44
5	52351	5235	6
5	52389	5238.8	8
5	52437	5243.6	17
5	52449	5244.8	10
5	52495	5249.4	15
5	52607	5260.6	54
5	52659	5265.8	3
5	52665	5266.4	2
5	52809	5280.8	9
5	52853	5285.2	19
5	52871	5287	7

